1 0.694583 0.770000 0.064167 0.070000
0 0.676250 0.267500 0.025833 0.030000
0 0.825000 0.198333 0.025000 0.035000
0 0.935000 0.212083 0.025000 0.032500
0 0.884583 0.232917 0.022500 0.027500
1 0.129167 0.616667 0.098333 0.113333
0 0.811667 0.228333 0.025000 0.030000
0 0.097917 0.076667 0.030833 0.043333
1 0.378750 0.082917 0.035833 0.052500
1 0.472500 0.078750 0.038333 0.055833
0 0.907917 0.134167 0.030833 0.040000
0 0.781667 0.146667 0.030000 0.036667
0 0.683750 0.155417 0.030833 0.039167
1 0.577917 0.135417 0.044167 0.049167
