0 0.355000 0.082083 0.028333 0.037500
0 0.506250 0.107500 0.025833 0.033333
0 0.711667 0.788750 0.035000 0.047500
0 0.478750 0.783750 0.027500 0.037500
0 0.376667 0.805417 0.026667 0.034167
0 0.216250 0.773750 0.034167 0.047500
0 0.571667 0.085000 0.031667 0.046667
0 0.033750 0.098333 0.042500 0.050000
1 0.856250 0.775417 0.039167 0.049167
1 0.620417 0.797083 0.039167 0.052500
1 0.297500 0.795417 0.053333 0.067500
0 0.121250 0.802083 0.062500 0.077500
1 0.457500 0.103333 0.050000 0.060000
1 0.106667 0.097083 0.043333 0.052500
1 0.791667 0.063333 0.066667 0.085000
0 0.607500 0.092917 0.050000 0.067500
