1 0.445556 0.464583 0.068889 0.067500
1 0.267222 0.364167 0.021111 0.023333
1 0.307778 0.385833 0.028889 0.023333
1 0.370556 0.386667 0.018889 0.030000
1 0.628333 0.417917 0.030000 0.027500
1 0.772222 0.417917 0.022222 0.027500
1 0.936111 0.417083 0.036667 0.060833
1 0.117778 0.355000 0.020000 0.020000
1 0.792222 0.597083 0.048889 0.109167
1 0.564444 0.408750 0.013333 0.019167
1 0.181111 0.407917 0.022222 0.032500
1 0.147778 0.391250 0.026667 0.022500
1 0.045556 0.362917 0.017778 0.014167
1 0.871667 0.365833 0.010000 0.011667
1 0.767778 0.366667 0.008889 0.006667
1 0.014444 0.352083 0.020000 0.020833
