1 0.347778 0.511250 0.037778 0.037500
1 0.572222 0.476250 0.062222 0.069167
1 0.228889 0.488333 0.017778 0.023333
1 0.900556 0.445000 0.014444 0.016667
1 0.787222 0.449167 0.012222 0.015000
1 0.641111 0.466250 0.015556 0.014167
1 0.285556 0.455833 0.011111 0.015000
1 0.348333 0.457083 0.012222 0.017500
1 0.090000 0.444167 0.024444 0.030000
1 0.181111 0.468333 0.017778 0.023333
1 0.237778 0.458333 0.015556 0.025000
1 0.952222 0.451667 0.017778 0.020000
1 0.670556 0.450417 0.007778 0.010833
1 0.515556 0.447083 0.011111 0.010833
