0 0.482083 0.599061 0.022500 0.029889
1 0.127083 0.114859 0.027500 0.035013
0 0.310417 0.435525 0.019167 0.029035
0 0.830000 0.554227 0.023333 0.030743
0 0.407083 0.354825 0.022500 0.026473
0 0.782083 0.465841 0.017500 0.028181
1 0.201250 0.283945 0.025833 0.035013
1 0.319167 0.239966 0.023333 0.030743
0 0.375833 0.257045 0.025000 0.032451
0 0.081250 0.210931 0.022500 0.027327
0 0.509583 0.500427 0.022500 0.027327
0 0.355833 0.292912 0.028333 0.029035
0 0.300833 0.051238 0.025000 0.034159
0 0.627083 0.426132 0.022500 0.032451
1 0.712083 0.541845 0.027500 0.031597
1 0.365417 0.565756 0.030833 0.035013
1 0.350000 0.697267 0.025000 0.035013
1 0.901250 0.450470 0.019167 0.035013
