1 0.361667 0.295556 0.018333 0.042963
1 0.441250 0.300741 0.019167 0.041481
1 0.496667 0.328889 0.020000 0.044444
1 0.805833 0.297778 0.020000 0.041481
1 0.170417 0.297778 0.027500 0.053333
1 0.654583 0.345926 0.022500 0.051852
1 0.634583 0.305926 0.022500 0.048889
1 0.727917 0.299259 0.025833 0.056296
1 0.247500 0.290370 0.031667 0.065185
1 0.582500 0.342963 0.025000 0.054815
1 0.864583 0.294815 0.027500 0.059259
1 0.383333 0.308889 0.025000 0.060741
1 0.528333 0.297037 0.021667 0.051852
1 0.411667 0.292593 0.023333 0.051852
1 0.682917 0.297778 0.022500 0.050370
