0 0.556250 0.453799 0.052500 0.080082
0 0.105417 0.739220 0.044167 0.075975
0 0.602917 0.182752 0.035833 0.061602
0 0.073750 0.208419 0.032500 0.053388
0 0.546250 0.633984 0.040833 0.058522
0 0.428750 0.477413 0.044167 0.086242
0 0.421667 0.182752 0.043333 0.086242
1 0.939583 0.193018 0.052500 0.086242
1 0.897500 0.719713 0.075000 0.123203
0 0.743750 0.199179 0.047500 0.075975
0 0.244583 0.651951 0.052500 0.096509
0 0.193750 0.549795 0.052500 0.085216
0 0.244167 0.206879 0.045000 0.072895
0 0.430000 0.718172 0.046667 0.074949
