1 0.664167 0.157083 0.018333 0.022500
1 0.248750 0.585417 0.055833 0.059167
1 0.770833 0.202917 0.020000 0.024167
1 0.139167 0.805833 0.163333 0.190000
1 0.549167 0.206250 0.023333 0.032500
1 0.268333 0.152917 0.030000 0.039167
1 0.070833 0.199167 0.025000 0.038333
1 0.809167 0.572083 0.068333 0.097500
1 0.615417 0.855000 0.192500 0.235000
1 0.250417 0.410000 0.182500 0.170000
1 0.857500 0.167083 0.020000 0.025833
1 0.962500 0.195000 0.021667 0.030000
1 0.056250 0.304167 0.040833 0.050000
1 0.431250 0.147083 0.037500 0.045833
