1 0.683750 0.402996 0.019167 0.032810
1 0.926667 0.464337 0.026667 0.055635
1 0.187917 0.408702 0.022500 0.038516
1 0.277083 0.387304 0.017500 0.035663
1 0.363750 0.394437 0.020833 0.044223
1 0.460417 0.489301 0.024167 0.039943
1 0.533750 0.549929 0.017500 0.044223
1 0.591667 0.589158 0.026667 0.057061
1 0.626667 0.563481 0.020000 0.042796
1 0.615417 0.420827 0.015833 0.042796
1 0.832917 0.421541 0.019167 0.044223
1 0.421250 0.410128 0.015833 0.035663
1 0.791667 0.531384 0.021667 0.052782
1 0.787083 0.417974 0.020833 0.039943
1 0.411667 0.555635 0.018333 0.035663
1 0.318750 0.471469 0.019167 0.038516
1 0.101667 0.427960 0.021667 0.042796
