0 0.920417 0.297222 0.034167 0.061111
0 0.221667 0.345556 0.038333 0.068889
1 0.503333 0.232778 0.025000 0.045556
1 0.271667 0.360556 0.036667 0.061111
1 0.350833 0.266667 0.030000 0.051111
1 0.626667 0.287222 0.028333 0.058889
1 0.412083 0.256111 0.030833 0.050000
1 0.850000 0.315000 0.035000 0.061111
1 0.920417 0.297222 0.035833 0.063333
1 0.491250 0.605556 0.207500 0.353333
1 0.182917 0.261667 0.029167 0.052222
1 0.221250 0.346667 0.037500 0.068889
1 0.088750 0.277778 0.040833 0.077778
1 0.591250 0.207778 0.024167 0.048889
1 0.636667 0.246667 0.026667 0.046667
1 0.687917 0.283889 0.029167 0.056667
1 0.751667 0.298333 0.033333 0.065556
1 0.803333 0.259444 0.031667 0.065556
1 0.816667 0.177778 0.016667 0.031111
1 0.263333 0.255556 0.028333 0.053333
1 0.228333 0.260000 0.026667 0.051111
1 0.888333 0.187778 0.015000 0.024444
