1 0.664583 0.518897 0.022500 0.040858
1 0.193333 0.618488 0.040000 0.056180
1 0.551667 0.427988 0.026667 0.042901
0 0.152083 0.447906 0.034167 0.050051
1 0.869583 0.579673 0.052500 0.070480
1 0.738750 0.467824 0.050833 0.065373
1 0.575000 0.615424 0.031667 0.074566
1 0.466250 0.622063 0.032500 0.061287
1 0.417500 0.612360 0.028333 0.041879
1 0.259583 0.579673 0.032500 0.062308
1 0.353750 0.463228 0.025833 0.043922
0 0.552500 0.488764 0.030000 0.048008
1 0.311250 0.641471 0.032500 0.051073
1 0.418750 0.676200 0.044167 0.065373
