1 0.624889 0.602410 0.032000 0.053548
1 0.872444 0.433735 0.024000 0.045515
1 0.815556 0.454485 0.024000 0.044177
1 0.829333 0.401606 0.023111 0.048193
1 0.746667 0.451807 0.017778 0.046854
1 0.738222 0.579652 0.018667 0.042838
1 0.795556 0.589023 0.016000 0.048193
1 0.626667 0.470549 0.021333 0.046854
1 0.581333 0.458501 0.021333 0.049531
1 0.487111 0.431727 0.023111 0.046854
1 0.454222 0.442436 0.026667 0.046854
1 0.405778 0.455154 0.029333 0.058902
1 0.372000 0.490629 0.031111 0.049531
1 0.249778 0.461847 0.037333 0.066934
1 0.362667 0.445114 0.023111 0.046854
1 0.260000 0.398929 0.031111 0.064257
1 0.516444 0.418340 0.023111 0.049531
1 0.501778 0.505355 0.031111 0.052209
1 0.672444 0.587015 0.018667 0.049531
1 0.708000 0.447122 0.020444 0.037483
1 0.662667 0.443106 0.016889 0.040161
1 0.601778 0.454485 0.016000 0.046854
1 0.576889 0.414324 0.019556 0.030790
1 0.323556 0.448461 0.030222 0.061580
