1 0.847500 0.597778 0.021667 0.051852
1 0.664167 0.602963 0.023333 0.056296
1 0.422083 0.642963 0.025833 0.059259
1 0.261250 0.654074 0.019167 0.037037
1 0.166250 0.479259 0.020833 0.040000
1 0.189583 0.588889 0.037500 0.054815
1 0.359167 0.468889 0.015000 0.037037
1 0.416667 0.453333 0.011667 0.026667
1 0.523750 0.469630 0.014167 0.035556
1 0.567917 0.444444 0.012500 0.029630
1 0.647500 0.453333 0.015000 0.035556
1 0.687500 0.444444 0.015000 0.038519
1 0.733750 0.480000 0.014167 0.041481
1 0.837917 0.510370 0.017500 0.037037
1 0.636250 0.605185 0.017500 0.037037
1 0.546250 0.501481 0.015833 0.028148
1 0.612500 0.499259 0.018333 0.035556
1 0.492917 0.469630 0.010833 0.023704
