1 0.168750 0.107292 0.025000 0.033333
0 0.532813 0.679688 0.013542 0.017708
0 0.613021 0.307292 0.023958 0.029167
1 0.308333 0.855208 0.027083 0.035417
0 0.335938 0.676562 0.026042 0.026042
1 0.057292 0.077083 0.025000 0.029167
1 0.855729 0.274479 0.023958 0.030208
0 0.194271 0.475521 0.019792 0.028125
0 0.123438 0.844271 0.026042 0.032292
1 0.855729 0.079167 0.032292 0.047917
0 0.447396 0.679688 0.026042 0.028125
1 0.339062 0.081771 0.032292 0.042708
1 0.148438 0.262500 0.032292 0.043750
1 0.646354 0.101042 0.038542 0.043750
0 0.646354 0.488021 0.042708 0.053125
0 0.859896 0.492188 0.021875 0.030208
0 0.100000 0.677604 0.031250 0.038542
0 0.358333 0.260417 0.022917 0.031250
0 0.626042 0.881771 0.035417 0.044792
1 0.893229 0.698958 0.069792 0.091667
1 0.077083 0.455208 0.016667 0.027083
1 0.356771 0.468750 0.023958 0.043750
1 0.427083 0.861979 0.020833 0.023958
1 0.618750 0.685937 0.012500 0.019792
1 0.707812 0.693229 0.015625 0.023958
1 0.208854 0.080208 0.017708 0.031250
