1 0.794412 0.436378 0.022519 0.040783
1 0.203086 0.428222 0.025855 0.060359
1 0.834862 0.415987 0.023353 0.052202
1 0.292327 0.407830 0.027523 0.081566
1 0.351960 0.418434 0.026689 0.070147
1 0.413261 0.393964 0.022519 0.063622
1 0.473728 0.433931 0.023353 0.052202
1 0.545872 0.429038 0.019183 0.055465
1 0.540033 0.467374 0.019183 0.047308
1 0.622602 0.429853 0.027523 0.066884
1 0.598415 0.421697 0.014178 0.040783
1 0.653878 0.424959 0.023353 0.053834
1 0.690158 0.412724 0.020851 0.048940
1 0.748123 0.428222 0.021685 0.040783
1 0.169308 0.358891 0.023353 0.061990
1 0.485822 0.407015 0.015847 0.044046
