0 0.647083 0.656250 0.012500 0.015833
0 0.490833 0.798750 0.010000 0.014167
0 0.572917 0.656250 0.014167 0.019167
0 0.657083 0.660000 0.012500 0.015000
0 0.536250 0.678333 0.012500 0.015000
0 0.608750 0.712917 0.012500 0.015833
0 0.586250 0.628750 0.015833 0.020833
0 0.561667 0.779167 0.016667 0.018333
0 0.785417 0.660417 0.019167 0.020833
0 0.605000 0.769167 0.011667 0.015000
0 0.538750 0.802500 0.017500 0.020000
0 0.468750 0.766667 0.020833 0.021667
0 0.467500 0.635000 0.011667 0.015000
0 0.412500 0.747917 0.015000 0.022500
0 0.443750 0.816250 0.015833 0.019167
0 0.532500 0.653333 0.016667 0.020000
0 0.569167 0.807083 0.021667 0.024167
0 0.628750 0.658333 0.012500 0.015000
0 0.552917 0.831667 0.022500 0.023333
0 0.454583 0.614167 0.012500 0.013333
0 0.527083 0.735000 0.017500 0.021667
0 0.571667 0.728750 0.016667 0.017500
0 0.496667 0.725000 0.015000 0.016667
0 0.457500 0.742500 0.020000 0.020000
0 0.508333 0.752917 0.020000 0.024167
0 0.518333 0.782083 0.015000 0.022500
0 0.458750 0.661250 0.017500 0.022500
0 0.517500 0.702917 0.025000 0.029167
1 0.599583 0.270417 0.062500 0.090833
1 0.740000 0.316250 0.066667 0.087500
