0 0.368750 0.388333 0.007500 0.012222
0 0.296250 0.375556 0.010833 0.015556
0 0.481250 0.398333 0.009167 0.014444
0 0.507917 0.384444 0.010833 0.020000
0 0.332083 0.384444 0.012500 0.020000
0 0.269583 0.401111 0.012500 0.022222
1 0.633750 0.413333 0.024167 0.040000
0 0.096667 0.446667 0.031667 0.051111
0 0.158750 0.372778 0.022500 0.038889
0 0.123750 0.408333 0.034167 0.056667
1 0.818333 0.303889 0.055000 0.101111
0 0.880833 0.309444 0.045000 0.070000
1 0.527083 0.399444 0.020833 0.034444
0 0.422500 0.392778 0.008333 0.016667
