1 0.397917 0.097036 0.029167 0.033461
1 0.286667 0.199809 0.033333 0.051625
1 0.170417 0.108987 0.027500 0.036329
1 0.046667 0.116157 0.026667 0.033461
1 0.206250 0.109943 0.027500 0.038241
1 0.482917 0.054971 0.025833 0.035373
1 0.375833 0.141013 0.035000 0.050669
1 0.130833 0.172084 0.045000 0.047801
1 0.464167 0.126673 0.036667 0.056405
1 0.658333 0.153920 0.041667 0.072658
1 0.780000 0.136233 0.045000 0.058317
1 0.924583 0.049235 0.052500 0.069790
1 0.517083 0.149618 0.037500 0.054493
1 0.543333 0.103728 0.025000 0.050669
1 0.090417 0.115679 0.029167 0.026769
