0 0.158796 0.441338 0.023148 0.029605
0 0.198148 0.417215 0.020370 0.033991
0 0.065741 0.383224 0.027778 0.033991
0 0.447685 0.401316 0.025000 0.041667
0 0.227315 0.383772 0.019444 0.026316
0 0.215741 0.287281 0.016667 0.024123
0 0.280556 0.389803 0.025926 0.036184
1 0.729167 0.441338 0.036111 0.051535
0 0.472685 0.385965 0.032407 0.050439
0 0.535185 0.441338 0.029630 0.044956
0 0.809722 0.443531 0.030556 0.051535
0 0.972222 0.602522 0.031481 0.047149
1 0.372685 0.556469 0.026852 0.055921
1 0.322685 0.536184 0.026852 0.041667
1 0.347222 0.408991 0.031481 0.070175
1 0.953704 0.548794 0.031481 0.053728
1 0.917593 0.495614 0.031481 0.059211
