0 0.380000 0.359287 0.020000 0.024390
0 0.080417 0.353659 0.027500 0.037523
0 0.597083 0.342402 0.022500 0.028143
0 0.432917 0.338649 0.022500 0.028143
0 0.890417 0.288462 0.035833 0.044090
0 0.683750 0.348968 0.024167 0.030019
0 0.161250 0.302533 0.027500 0.040338
0 0.371667 0.406660 0.023333 0.034709
0 0.795417 0.315666 0.027500 0.038462
0 0.521667 0.345216 0.021667 0.028143
0 0.272500 0.275797 0.030000 0.039400
0 0.812500 0.393996 0.038333 0.048780
0 0.586667 0.393996 0.030000 0.045028
0 0.025417 0.367261 0.049167 0.059099
1 0.332917 0.334428 0.027500 0.047842
1 0.735833 0.334897 0.026667 0.039400
1 0.481667 0.383208 0.021667 0.036585
0 0.977917 0.376173 0.044167 0.061914
