1 0.568750 0.509942 0.025833 0.049123
0 0.839583 0.466082 0.027500 0.043275
1 0.839583 0.467836 0.027500 0.044444
1 0.422500 0.478363 0.026667 0.051462
1 0.777083 0.460819 0.027500 0.049123
1 0.281250 0.495322 0.024167 0.036257
1 0.722917 0.460819 0.025833 0.049123
1 0.617917 0.460819 0.025833 0.044444
1 0.660000 0.485965 0.030000 0.059649
1 0.383750 0.486550 0.024167 0.044444
1 0.242083 0.478363 0.027500 0.051462
1 0.172917 0.476023 0.029167 0.053801
1 0.533333 0.432164 0.028333 0.038596
1 0.477500 0.497661 0.026667 0.050292
1 0.462917 0.452047 0.022500 0.045614
