0 0.352500 0.791250 0.015000 0.012500
0 0.286250 0.780833 0.027500 0.020000
0 0.111875 0.784167 0.016250 0.013333
0 0.044375 0.782500 0.018750 0.015000
0 0.633750 0.465833 0.017500 0.015000
0 0.388750 0.798750 0.017500 0.014167
0 0.167500 0.772500 0.017500 0.015000
0 0.043750 0.120000 0.027500 0.021667
0 0.052500 0.420000 0.030000 0.025000
1 0.926875 0.434167 0.028750 0.023333
0 0.433750 0.799167 0.017500 0.016667
0 0.288125 0.140417 0.021250 0.019167
0 0.638125 0.778750 0.021250 0.017500
0 0.624375 0.108750 0.021250 0.015833
0 0.729375 0.759167 0.018750 0.015000
0 0.363750 0.464583 0.022500 0.017500
0 0.216250 0.135833 0.020000 0.020000
0 0.956250 0.764583 0.022500 0.017500
0 0.265000 0.507500 0.030000 0.025000
0 0.897500 0.103750 0.027500 0.022500
0 0.767500 0.083750 0.035000 0.032500
0 0.258125 0.434583 0.031250 0.027500
0 0.380625 0.088750 0.031250 0.025833
0 0.737500 0.422917 0.030000 0.024167
