0 0.780146 0.329953 0.017672 0.029641
1 0.335759 0.444618 0.035343 0.065523
0 0.177755 0.327613 0.020790 0.043682
0 0.893451 0.346334 0.025988 0.046802
0 0.580042 0.439158 0.029106 0.045242
0 0.271310 0.347894 0.022869 0.046802
0 0.356549 0.546802 0.051975 0.117005
0 0.634096 0.400156 0.035343 0.073323
0 0.530665 0.407956 0.040541 0.057722
0 0.469854 0.432917 0.035343 0.060842
0 0.679314 0.439938 0.048857 0.084243
0 0.753638 0.459438 0.039501 0.060842
1 0.190229 0.446958 0.033264 0.060842
1 0.260395 0.410296 0.028067 0.059282
