1 0.172917 0.694444 0.040833 0.068889
1 0.656667 0.712778 0.025000 0.043333
1 0.722500 0.632778 0.023333 0.047778
1 0.617917 0.655556 0.019167 0.031111
1 0.443333 0.690556 0.031667 0.047778
1 0.453750 0.636111 0.017500 0.034444
1 0.400000 0.653333 0.023333 0.037778
1 0.361250 0.648333 0.019167 0.027778
1 0.292083 0.657222 0.024167 0.032222
1 0.240000 0.673889 0.026667 0.038889
1 0.147500 0.655000 0.020000 0.036667
1 0.654167 0.628889 0.011667 0.024444
1 0.528750 0.649444 0.019167 0.038889
1 0.702917 0.645000 0.015833 0.027778
