0 0.835766 0.428333 0.019812 0.020000
0 0.916058 0.281250 0.015641 0.017500
0 0.779458 0.395417 0.017727 0.017500
0 0.161627 0.374583 0.016684 0.017500
0 0.010428 0.466250 0.018770 0.019167
0 0.066215 0.442917 0.019812 0.017500
0 0.889990 0.349167 0.017727 0.016667
0 0.928571 0.249583 0.013556 0.012500
0 0.942649 0.270000 0.012513 0.013333
0 0.818040 0.295000 0.015641 0.015000
0 0.038060 0.455000 0.019812 0.020000
0 0.793014 0.416250 0.017727 0.019167
0 0.010428 0.411667 0.018770 0.020000
0 0.739312 0.386667 0.016684 0.016667
0 0.694995 0.375000 0.015641 0.016667
0 0.807091 0.438750 0.018770 0.019167
0 0.822211 0.406667 0.019812 0.020000
0 0.818040 0.239167 0.013556 0.013333
0 0.833160 0.261250 0.012513 0.012500
0 0.723670 0.363333 0.014599 0.015000
0 0.104797 0.398333 0.017727 0.016667
0 0.904067 0.371250 0.016684 0.017500
0 0.875912 0.327500 0.016684 0.015000
0 0.974453 0.314167 0.015641 0.015000
0 0.917623 0.336250 0.014599 0.015833
0 0.847237 0.282083 0.015641 0.015833
0 0.077164 0.353333 0.016684 0.015000
0 0.022941 0.433333 0.018770 0.020000
0 0.118352 0.364167 0.017727 0.016667
0 0.849844 0.394583 0.016684 0.017500
0 0.930136 0.303333 0.014599 0.015000
0 0.946820 0.381667 0.018770 0.020000
0 0.887383 0.292917 0.014599 0.015833
0 0.052138 0.421250 0.016684 0.017500
0 0.833160 0.315833 0.014599 0.015000
0 0.050574 0.365417 0.017727 0.015833
0 0.860792 0.305417 0.015641 0.015833
0 0.807091 0.382917 0.018770 0.019167
0 0.974453 0.369583 0.015641 0.017500
0 0.908238 0.427083 0.018770 0.017500
0 0.027112 0.488750 0.020855 0.020833
0 0.944213 0.325833 0.015641 0.015000
0 0.976017 0.426250 0.014599 0.017500
0 0.066215 0.387500 0.019812 0.016667
0 0.864964 0.361250 0.015641 0.015833
0 0.965068 0.515417 0.021898 0.019167
0 0.834724 0.374167 0.015641 0.016667
0 0.877477 0.382917 0.017727 0.017500
0 0.961940 0.402500 0.019812 0.018333
0 0.037018 0.399583 0.017727 0.017500
0 0.902503 0.314167 0.015641 0.015000
0 0.931178 0.358750 0.016684 0.017500
0 0.880605 0.438750 0.019812 0.017500
0 0.893118 0.404583 0.019812 0.017500
0 0.959333 0.348750 0.014599 0.015833
0 0.864964 0.416250 0.019812 0.017500
0 0.819604 0.350000 0.016684 0.016667
0 0.948384 0.437083 0.019812 0.017500
0 0.849844 0.338333 0.014599 0.015000
0 0.917623 0.392500 0.016684 0.018333
0 0.933264 0.414583 0.016684 0.017500
0 0.961940 0.459167 0.019812 0.020000
1 0.502086 0.223750 0.163712 0.190833
