1 0.077500 0.425789 0.025000 0.045263
1 0.150000 0.421053 0.021667 0.031579
1 0.213333 0.455263 0.021667 0.030526
1 0.259583 0.430000 0.020833 0.038947
1 0.300417 0.450000 0.020833 0.028421
1 0.336250 0.465789 0.020833 0.038947
1 0.353333 0.453158 0.020000 0.032632
1 0.386250 0.453684 0.019167 0.037895
1 0.412500 0.428421 0.020000 0.035789
1 0.446250 0.426316 0.020833 0.035789
1 0.500833 0.420526 0.020000 0.032632
1 0.532083 0.434737 0.020833 0.044211
1 0.597500 0.448947 0.020000 0.038947
1 0.615417 0.434737 0.015833 0.033684
1 0.675000 0.442105 0.018333 0.031579
1 0.697083 0.414211 0.015833 0.028421
1 0.709167 0.445789 0.013333 0.030526
1 0.754167 0.465789 0.016667 0.038947
1 0.812917 0.453684 0.014167 0.029474
1 0.848750 0.460000 0.015833 0.025263
1 0.947500 0.445789 0.020000 0.036842
1 0.882917 0.445789 0.020833 0.032632
