0 0.677917 0.419444 0.024167 0.036667
0 0.578333 0.388333 0.020000 0.034444
1 0.578333 0.388333 0.020000 0.036667
1 0.677917 0.418333 0.024167 0.036667
1 0.171250 0.366667 0.027500 0.046667
1 0.713750 0.387778 0.025833 0.048889
1 0.874583 0.421667 0.027500 0.047778
1 0.270833 0.398333 0.025000 0.043333
1 0.972500 0.375556 0.033333 0.051111
1 0.797083 0.413333 0.024167 0.046667
1 0.060000 0.343333 0.035000 0.057778
1 0.632917 0.371111 0.025833 0.040000
1 0.507500 0.380556 0.021667 0.041111
1 0.460833 0.406667 0.025000 0.044444
1 0.393750 0.413333 0.032500 0.040000
1 0.353750 0.380000 0.022500 0.044444
