1 0.366989 0.528951 0.020556 0.027744
1 0.441354 0.513269 0.021765 0.034982
1 0.268440 0.521110 0.021765 0.026538
1 0.485490 0.487334 0.027811 0.036188
1 0.331923 0.528951 0.020556 0.027744
1 0.304716 0.535585 0.019347 0.031363
1 0.526602 0.481906 0.032648 0.044632
1 0.738210 0.445718 0.044740 0.054282
1 0.818622 0.476478 0.043531 0.062726
1 0.640871 0.455971 0.036276 0.053076
1 0.394196 0.529554 0.019347 0.031363
1 0.415961 0.517491 0.019347 0.031363
1 0.465538 0.507238 0.014510 0.037394
1 0.562878 0.476478 0.032648 0.057901
