1 0.462917 0.522673 0.024167 0.040573
1 0.617917 0.714797 0.029167 0.047733
1 0.522917 0.455251 0.022500 0.041766
1 0.240417 0.501790 0.029167 0.051313
1 0.702917 0.474344 0.027500 0.056086
1 0.541667 0.621718 0.026667 0.052506
0 0.185417 0.477924 0.025833 0.044153
1 0.092917 0.480907 0.032500 0.057279
0 0.929167 0.479714 0.033333 0.062053
0 0.612083 0.473150 0.027500 0.041766
1 0.407917 0.451671 0.029167 0.046539
1 0.770000 0.489260 0.031667 0.069212
1 0.853333 0.455847 0.033333 0.062053
1 0.291250 0.463604 0.029167 0.048926
