1 0.881111 0.228750 0.035556 0.032500
1 0.416667 0.265000 0.026667 0.025000
1 0.270000 0.222500 0.024444 0.023333
1 0.390556 0.374167 0.036667 0.036667
1 0.483889 0.253333 0.030000 0.030000
1 0.175556 0.254583 0.031111 0.030833
1 0.889444 0.186250 0.027778 0.027500
1 0.406111 0.228333 0.023333 0.020000
0 0.702778 0.175417 0.027778 0.030833
1 0.269444 0.288750 0.030000 0.030833
1 0.540556 0.277917 0.038889 0.039167
1 0.151111 0.294583 0.040000 0.040833
1 0.695556 0.297083 0.044444 0.042500
1 0.815000 0.323333 0.061111 0.060000
1 0.142222 0.683333 0.280000 0.310000
1 0.102222 0.245000 0.022222 0.021667
