1 0.673333 0.278750 0.040000 0.047500
1 0.352917 0.298750 0.037500 0.047500
1 0.289583 0.385833 0.042500 0.060000
1 0.896250 0.362500 0.182500 0.231667
1 0.864167 0.616667 0.123333 0.165000
1 0.139583 0.643750 0.137500 0.187500
1 0.343333 0.123333 0.155000 0.195000
1 0.878750 0.118750 0.142500 0.197500
1 0.866250 0.878750 0.144167 0.190833
1 0.107500 0.883750 0.128333 0.162500
1 0.122917 0.127500 0.159167 0.213333
1 0.610000 0.873750 0.130000 0.187500
1 0.110000 0.370000 0.145000 0.176667
1 0.362500 0.874167 0.148333 0.215000
1 0.611667 0.161250 0.111667 0.137500
1 0.599167 0.347917 0.041667 0.060833
1 0.457083 0.368333 0.045833 0.051667
1 0.470833 0.301250 0.040000 0.050833
1 0.523333 0.417917 0.051667 0.070833
1 0.565000 0.287500 0.041667 0.050000
1 0.712917 0.348750 0.050833 0.059167
1 0.369167 0.385000 0.048333 0.065000
