0 0.661458 0.171354 0.037500 0.048958
0 0.532292 0.223438 0.039583 0.053125
0 0.697917 0.192188 0.039583 0.061458
0 0.501042 0.647917 0.060417 0.085417
0 0.138542 0.400521 0.050000 0.053125
0 0.551042 0.347917 0.052083 0.066667
0 0.804167 0.503646 0.075000 0.103125
0 0.391667 0.354687 0.035417 0.048958
0 0.961979 0.239063 0.044792 0.048958
0 0.491667 0.269792 0.035417 0.043750
0 0.816146 0.204687 0.038542 0.044792
0 0.860417 0.288021 0.047917 0.044792
0 0.270313 0.310417 0.034375 0.043750
0 0.613542 0.142187 0.041667 0.059375
0 0.684896 0.717187 0.059375 0.084375
0 0.036979 0.592187 0.051042 0.057292
0 0.226042 0.429167 0.037500 0.045833
0 0.448437 0.319271 0.038542 0.055208
1 0.966146 0.421875 0.063542 0.081250
0 0.109375 0.644792 0.056250 0.062500
0 0.434896 0.246354 0.034375 0.048958
0 0.330729 0.400000 0.044792 0.050000
0 0.347917 0.284896 0.035417 0.044792
0 0.292187 0.600521 0.053125 0.067708
0 0.653646 0.421875 0.048958 0.062500
0 0.416667 0.635417 0.050000 0.060417
0 0.769271 0.366667 0.059375 0.077083
0 0.280729 0.389062 0.042708 0.051042
0 0.454167 0.410417 0.047917 0.064583
0 0.372917 0.432292 0.043750 0.058333
0 0.408333 0.267708 0.027083 0.045833
0 0.380729 0.263542 0.023958 0.037500
