1 0.882917 0.335556 0.037500 0.068889
1 0.149583 0.441111 0.037500 0.071111
1 0.604583 0.426111 0.052500 0.101111
1 0.565417 0.307778 0.017500 0.051111
1 0.415833 0.362778 0.016667 0.034444
1 0.314167 0.672778 0.026667 0.070000
1 0.048333 0.380556 0.021667 0.036667
1 0.358333 0.327222 0.020000 0.034444
1 0.653333 0.301667 0.020000 0.032222
1 0.878750 0.262222 0.029167 0.051111
1 0.977500 0.307778 0.036667 0.104444
1 0.318750 0.365000 0.012500 0.023333
1 0.518333 0.321667 0.015000 0.034444
1 0.167083 0.360000 0.020833 0.024444
