1 0.610840 0.250733 0.032227 0.058651
1 0.417969 0.196481 0.031250 0.067449
1 0.563965 0.259531 0.034180 0.070381
1 0.586426 0.195015 0.028320 0.058651
1 0.183594 0.245601 0.039062 0.071848
1 0.862793 0.254399 0.041992 0.080645
1 0.488770 0.472141 0.041992 0.079179
1 0.654297 0.222141 0.037109 0.086510
1 0.296387 0.514663 0.043945 0.076246
1 0.791504 0.260264 0.040039 0.074780
1 0.216797 0.211877 0.037109 0.071848
1 0.179688 0.503666 0.044922 0.092375
1 0.713379 0.231672 0.034180 0.070381
1 0.280762 0.260264 0.038086 0.071848
1 0.369629 0.242669 0.040039 0.074780
1 0.476562 0.259531 0.037109 0.073314
1 0.719727 0.478739 0.044922 0.080645
1 0.584961 0.494868 0.044922 0.083578
1 0.381836 0.482405 0.044922 0.087977
1 0.838379 0.494135 0.049805 0.087977
