1 0.495556 0.219231 0.029333 0.066154
1 0.262667 0.313077 0.047111 0.106154
1 0.651556 0.259231 0.030222 0.066154
1 0.513778 0.300000 0.037333 0.092308
1 0.653778 0.355385 0.034667 0.067692
1 0.767556 0.239231 0.031111 0.072308
1 0.325778 0.256154 0.041778 0.093846
1 0.924889 0.305385 0.054222 0.127692
1 0.759556 0.339231 0.041778 0.100000
1 0.832889 0.285385 0.040889 0.090769
1 0.449778 0.339231 0.044444 0.103077
1 0.433778 0.193077 0.032000 0.069231
1 0.579556 0.325385 0.044444 0.100000
1 0.407556 0.276154 0.036444 0.090769
1 0.032889 0.296154 0.049778 0.106154
1 0.158667 0.282308 0.047111 0.106154
1 0.203111 0.255385 0.034667 0.073846
1 0.356889 0.242308 0.027556 0.069231
