0 0.824167 0.269700 0.023333 0.042175
0 0.505417 0.292453 0.022500 0.034406
0 0.626667 0.264706 0.030000 0.043285
0 0.606667 0.324639 0.025000 0.038846
0 0.277083 0.294673 0.027500 0.047725
0 0.795833 0.310211 0.025000 0.041065
0 0.976667 0.295228 0.030000 0.048835
0 0.423333 0.285239 0.025000 0.046615
0 0.722500 0.261931 0.028333 0.053274
0 0.925000 0.292453 0.033333 0.049945
0 0.561667 0.304661 0.028333 0.052164
0 0.485000 0.359046 0.026667 0.043285
0 0.348750 0.288568 0.029167 0.051054
1 0.199167 0.711432 0.241667 0.381798
