1 0.705000 0.331667 0.033333 0.054444
1 0.829583 0.425556 0.052500 0.080000
1 0.607500 0.397222 0.036667 0.061111
1 0.667500 0.504444 0.043333 0.073333
1 0.340000 0.292222 0.041667 0.073333
1 0.763750 0.615000 0.054167 0.090000
1 0.776667 0.311111 0.046667 0.073333
1 0.547917 0.322778 0.035833 0.063333
1 0.428750 0.323889 0.035833 0.072222
1 0.229167 0.400000 0.055000 0.100000
1 0.622083 0.288333 0.032500 0.061111
1 0.430000 0.538889 0.043333 0.077778
1 0.120417 0.430556 0.072500 0.123333
1 0.546667 0.477222 0.045000 0.078889
1 0.315833 0.357222 0.051667 0.083333
