1 0.663086 0.401693 0.025391 0.035156
1 0.813965 0.412109 0.030273 0.053385
1 0.859375 0.427734 0.031250 0.061198
1 0.590332 0.383464 0.024414 0.040365
1 0.723633 0.436849 0.027344 0.045573
1 0.895020 0.436849 0.043945 0.074219
1 0.600098 0.429688 0.028320 0.046875
1 0.661133 0.442708 0.029297 0.046875
1 0.576172 0.492839 0.031250 0.055990
1 0.756836 0.443359 0.035156 0.063802
1 0.365723 0.487630 0.036133 0.061198
1 0.457520 0.400391 0.032227 0.053385
1 0.235352 0.513672 0.042969 0.063802
1 0.412598 0.607422 0.038086 0.069010
1 0.513184 0.395182 0.028320 0.053385
1 0.229980 0.402344 0.036133 0.054688
1 0.352051 0.411458 0.034180 0.059896
1 0.180664 0.629557 0.054688 0.082031
1 0.520020 0.533203 0.036133 0.061198
1 0.075684 0.427083 0.045898 0.078125
1 0.123047 0.389974 0.039062 0.058594
