1 0.156874 0.276250 0.018847 0.017500
1 0.080931 0.397083 0.046563 0.059167
1 0.014412 0.363750 0.026608 0.037500
0 0.537694 0.349583 0.037694 0.032500
0 0.949557 0.295000 0.027716 0.028333
1 0.246674 0.417917 0.058758 0.059167
1 0.616408 0.539583 0.308204 0.265833
0 0.871397 0.361250 0.057650 0.060833
1 0.305432 0.342083 0.034368 0.034167
1 0.152993 0.351250 0.044346 0.034167
1 0.616408 0.322083 0.042129 0.034167
1 0.348115 0.321667 0.031042 0.021667
1 0.490576 0.267917 0.018847 0.019167
1 0.555432 0.272917 0.017738 0.019167
