1 0.282083 0.110000 0.015833 0.026667
1 0.320417 0.112778 0.017500 0.027778
1 0.450000 0.149444 0.020000 0.043333
1 0.423750 0.096667 0.017500 0.031111
1 0.613333 0.037778 0.020000 0.037778
1 0.369583 0.082222 0.017500 0.028889
1 0.515417 0.095556 0.024167 0.042222
1 0.056667 0.195000 0.016667 0.027778
1 0.292083 0.147222 0.015833 0.034444
1 0.590000 0.076667 0.020000 0.037778
1 0.035000 0.228333 0.020000 0.032222
1 0.138750 0.200000 0.025833 0.051111
1 0.324583 0.438333 0.127500 0.238889
1 0.930417 0.143333 0.052500 0.095556
1 0.719583 0.372778 0.140833 0.245556
1 0.705000 0.040556 0.020000 0.047778
1 0.341250 0.140556 0.024167 0.032222
1 0.231667 0.205556 0.038333 0.062222
1 0.107083 0.172222 0.017500 0.024444
1 0.252083 0.140000 0.015833 0.035556
