1 0.828750 0.268889 0.039167 0.060000
1 0.236250 0.573333 0.052500 0.082222
1 0.272917 0.266667 0.034167 0.057778
1 0.454167 0.305000 0.028333 0.052222
1 0.736250 0.329444 0.037500 0.056667
1 0.545000 0.445556 0.038333 0.064444
1 0.207083 0.332778 0.035833 0.058889
1 0.670833 0.327222 0.035000 0.054444
1 0.726667 0.243333 0.035000 0.060000
1 0.132083 0.347222 0.045833 0.074444
1 0.381250 0.331111 0.029167 0.048889
1 0.579583 0.275000 0.034167 0.061111
1 0.412500 0.475556 0.040000 0.073333
0 0.672917 0.490000 0.044167 0.080000
