1 0.539583 0.068511 0.017500 0.055336
1 0.085417 0.033597 0.019167 0.035573
1 0.946250 0.057312 0.010833 0.022398
1 0.944583 0.141634 0.022500 0.043478
1 0.057083 0.090909 0.027500 0.057971
1 0.967083 0.198946 0.055833 0.089592
1 0.213750 0.140975 0.034167 0.060606
1 0.011667 0.141634 0.021667 0.067194
1 0.553333 0.494730 0.075000 0.148880
1 0.125833 0.231225 0.085000 0.151515
1 0.027083 0.223979 0.047500 0.086957
1 0.492500 0.172596 0.030000 0.063241
1 0.329167 0.152833 0.043333 0.081686
1 0.395000 0.122530 0.033333 0.068511
1 0.375417 0.279315 0.062500 0.092227
1 0.269167 0.749671 0.315000 0.484848
1 0.967083 0.063900 0.015833 0.035573
1 0.980833 0.067194 0.011667 0.031621
1 0.914167 0.064559 0.021667 0.034256
1 0.843333 0.277997 0.053333 0.092227
