1 0.620833 0.546667 0.035000 0.050000
1 0.834583 0.739167 0.042500 0.071667
1 0.655833 0.608750 0.035000 0.039167
1 0.510000 0.686250 0.050000 0.059167
0 0.692917 0.645000 0.039167 0.045000
1 0.424167 0.966250 0.068333 0.067500
1 0.682083 0.727500 0.050833 0.063333
1 0.183333 0.965417 0.070000 0.069167
1 0.361667 0.962500 0.055000 0.073333
0 0.258333 0.242500 0.055000 0.090000
0 0.512917 0.809167 0.057500 0.075000
1 0.650833 0.950000 0.073333 0.091667
0 0.633333 0.679167 0.045000 0.058333
0 0.270833 0.805000 0.058333 0.075000
1 0.112500 0.957500 0.055000 0.080000
1 0.117917 0.631250 0.047500 0.060833
