1 0.477917 0.351667 0.035833 0.058889
1 0.812500 0.183889 0.033333 0.056667
1 0.325417 0.173889 0.032500 0.056667
1 0.513750 0.163333 0.032500 0.055556
1 0.796667 0.268333 0.045000 0.078889
1 0.574167 0.348889 0.036667 0.068889
1 0.725000 0.180556 0.035000 0.072222
1 0.610833 0.176111 0.035000 0.058889
1 0.416667 0.207778 0.031667 0.062222
1 0.657083 0.223333 0.037500 0.068889
1 0.347083 0.242222 0.037500 0.062222
1 0.589167 0.499444 0.041667 0.070000
1 0.237083 0.173889 0.042500 0.076667
1 0.393333 0.358333 0.031667 0.063333
1 0.454583 0.507222 0.042500 0.076667
1 0.133750 0.142778 0.054167 0.092222
1 0.834167 0.451111 0.055000 0.093333
