1 0.022083 0.598750 0.042500 0.059167
0 0.385000 0.817500 0.055000 0.075000
1 0.986250 0.645417 0.025833 0.085833
1 0.101250 0.626250 0.052500 0.072500
1 0.905000 0.530833 0.050000 0.070000
0 0.339583 0.753750 0.057500 0.070833
1 0.655000 0.651250 0.063333 0.084167
1 0.774583 0.692500 0.057500 0.071667
1 0.942917 0.604583 0.050833 0.077500
1 0.900417 0.818750 0.060833 0.082500
0 0.172083 0.678750 0.055833 0.065833
0 0.570417 0.712500 0.060833 0.081667
1 0.762917 0.868750 0.069167 0.097500
1 0.023750 0.796250 0.045833 0.085833
