1 0.935833 0.320000 0.020000 0.028889
1 0.027917 0.265556 0.020833 0.024444
0 0.929583 0.277222 0.012500 0.021111
1 0.850417 0.332222 0.024167 0.035556
1 0.959167 0.352778 0.025000 0.038889
1 0.774167 0.313889 0.088333 0.147778
1 0.345833 0.267222 0.061667 0.101111
1 0.135833 0.292778 0.016667 0.021111
1 0.224583 0.305000 0.015833 0.025556
1 0.388333 0.233889 0.016667 0.030000
1 0.464583 0.302778 0.022500 0.034444
1 0.520000 0.267222 0.015000 0.030000
1 0.586667 0.318889 0.021667 0.033333
1 0.633750 0.280000 0.014167 0.020000
1 0.698750 0.283333 0.014167 0.020000
