1 0.526608 0.185833 0.028825 0.033333
1 0.429047 0.179583 0.024390 0.027500
1 0.322616 0.155833 0.028825 0.030000
1 0.389690 0.197500 0.034368 0.035000
1 0.325388 0.256667 0.034368 0.031667
1 0.490576 0.185000 0.038803 0.040000
1 0.242794 0.196250 0.031042 0.037500
1 0.307650 0.206667 0.027716 0.028333
1 0.452882 0.204167 0.036585 0.040000
1 0.435144 0.347500 0.038803 0.036667
1 0.580377 0.191250 0.038803 0.042500
1 0.276608 0.166250 0.034368 0.039167
1 0.210089 0.196667 0.034368 0.038333
1 0.377494 0.368333 0.041020 0.040000
1 0.141353 0.241250 0.043237 0.047500
1 0.582040 0.362917 0.044346 0.047500
1 0.103104 0.284167 0.046563 0.048333
1 0.741131 0.752500 0.393570 0.460000
1 0.383038 0.140833 0.032151 0.026667
1 0.360310 0.196667 0.024390 0.028333
