1 0.759583 0.451667 0.035833 0.065556
1 0.755417 0.407222 0.034167 0.041111
0 0.536667 0.443333 0.030000 0.048889
1 0.448333 0.441667 0.030000 0.047778
1 0.368750 0.427778 0.027500 0.051111
1 0.638750 0.408889 0.032500 0.053333
1 0.410417 0.428889 0.029167 0.053333
1 0.200000 0.473889 0.038333 0.065556
1 0.258333 0.420000 0.035000 0.057778
1 0.611667 0.510000 0.035000 0.064444
1 0.327500 0.485000 0.040000 0.063333
1 0.811667 0.462222 0.040000 0.062222
1 0.420417 0.507222 0.039167 0.063333
1 0.507500 0.515556 0.038333 0.064444
1 0.900417 0.458333 0.039167 0.072222
1 0.720833 0.446111 0.038333 0.061111
1 0.345833 0.620000 0.045000 0.080000
1 0.096250 0.448889 0.045833 0.080000
1 0.859167 0.482778 0.045000 0.065556
