1 0.432917 0.396667 0.022500 0.037778
0 0.505833 0.377778 0.010000 0.015556
1 0.847917 0.395000 0.012500 0.021111
0 0.123750 0.377778 0.009167 0.015556
1 0.892917 0.383333 0.009167 0.022222
1 0.679583 0.409444 0.017500 0.034444
1 0.939167 0.396111 0.023333 0.032222
1 0.566667 0.462222 0.036667 0.086667
1 0.874583 0.642778 0.087500 0.187778
1 0.992500 0.397222 0.010000 0.014444
1 0.767083 0.425000 0.024167 0.045556
1 0.716250 0.488889 0.010833 0.015556
1 0.670000 0.378333 0.011667 0.025556
1 0.480000 0.385556 0.008333 0.020000
1 0.094167 0.367222 0.008333 0.016667
1 0.043333 0.353333 0.011667 0.017778
