1 0.616250 0.361667 0.035000 0.028333
1 0.280000 0.401667 0.037500 0.036667
1 0.441875 0.321667 0.033750 0.035000
1 0.121875 0.487917 0.053750 0.052500
1 0.338125 0.377917 0.033750 0.030833
1 0.938125 0.377917 0.043750 0.040833
1 0.765625 0.360833 0.036250 0.035000
1 0.813125 0.411250 0.056250 0.052500
1 0.146875 0.372083 0.033750 0.032500
1 0.222500 0.372083 0.035000 0.032500
1 0.239375 0.486250 0.058750 0.044167
0 0.485625 0.397500 0.111250 0.093333
1 0.685625 0.364583 0.041250 0.037500
1 0.891250 0.365000 0.037500 0.038333
