1 0.519167 0.284354 0.018333 0.032653
1 0.134167 0.278912 0.035000 0.057143
1 0.429583 0.178912 0.014167 0.025850
1 0.042917 0.267347 0.015833 0.036735
1 0.632500 0.254422 0.028333 0.059864
1 0.469167 0.172109 0.013333 0.031293
1 0.061667 0.332653 0.025000 0.055782
1 0.802917 0.065306 0.020833 0.046259
1 0.361667 0.232653 0.038333 0.100680
1 0.443333 0.282313 0.015000 0.034014
1 0.641667 0.114286 0.021667 0.046259
1 0.710417 0.206803 0.044167 0.087075
1 0.757917 0.083673 0.022500 0.053061
1 0.890417 0.187075 0.085833 0.191837
1 0.594583 0.114966 0.019167 0.036735
1 0.567500 0.255782 0.015000 0.038095
1 0.536667 0.238095 0.018333 0.029932
1 0.550000 0.150340 0.013333 0.028571
1 0.292917 0.206803 0.010833 0.024490
1 0.024583 0.264626 0.022500 0.044898
