1 0.642500 0.124583 0.026667 0.032500
0 0.489583 0.862500 0.027500 0.031667
0 0.427917 0.843750 0.022500 0.030833
1 0.362083 0.886667 0.062500 0.168333
1 0.487083 0.376250 0.032500 0.042500
1 0.606250 0.137917 0.034167 0.049167
1 0.467917 0.111250 0.029167 0.042500
0 0.585000 0.847917 0.028333 0.034167
0 0.910000 0.162917 0.050000 0.060833
1 0.370833 0.146250 0.078333 0.185833
1 0.590000 0.367500 0.038333 0.053333
1 0.378333 0.464583 0.095000 0.227500
1 0.248333 0.159583 0.055000 0.082500
1 0.917083 0.469167 0.047500 0.058333
0 0.258750 0.749583 0.065833 0.082500
1 0.729583 0.160000 0.137500 0.241667
1 0.706250 0.830417 0.090833 0.189167
1 0.901667 0.832917 0.095000 0.125833
1 0.260417 0.493750 0.052500 0.070833
1 0.056667 0.457083 0.111667 0.242500
1 0.747500 0.485417 0.160000 0.224167
1 0.068750 0.834167 0.135833 0.221667
1 0.075417 0.191250 0.149167 0.215833
