0 0.260833 0.767917 0.031667 0.055833
0 0.893750 0.150417 0.024167 0.029167
1 0.357083 0.466250 0.050833 0.167500
1 0.621250 0.067083 0.029167 0.042500
0 0.238750 0.819583 0.057500 0.077500
1 0.559167 0.118750 0.036667 0.049167
1 0.957917 0.150000 0.045833 0.051667
0 0.894583 0.787500 0.047500 0.065000
0 0.218750 0.164167 0.042500 0.056667
1 0.727917 0.491250 0.130833 0.210833
1 0.052500 0.565833 0.103333 0.190000
1 0.747500 0.843750 0.165000 0.267500
1 0.723750 0.165417 0.120833 0.205833
1 0.220417 0.441250 0.050833 0.069167
0 0.572083 0.461667 0.057500 0.068333
1 0.394583 0.177917 0.132500 0.202500
1 0.395000 0.872083 0.130000 0.242500
1 0.912500 0.460000 0.055000 0.071667
1 0.062917 0.884167 0.124167 0.218333
1 0.571667 0.818750 0.060000 0.087500
1 0.076667 0.195000 0.151667 0.263333
