0 0.770833 0.806250 0.020000 0.024167
1 0.826667 0.437917 0.025000 0.030833
1 0.771250 0.868333 0.044167 0.048333
1 0.072083 0.722500 0.052500 0.066667
1 0.725417 0.775000 0.030833 0.036667
1 0.249167 0.757500 0.053333 0.068333
1 0.597500 0.852500 0.093333 0.120000
1 0.346250 0.168750 0.025833 0.039167
1 0.781667 0.485417 0.031667 0.039167
1 0.862500 0.754583 0.030000 0.042500
1 0.930833 0.773750 0.035000 0.047500
1 0.624583 0.466250 0.027500 0.042500
1 0.698750 0.840417 0.032500 0.044167
1 0.428750 0.775000 0.079167 0.108333
1 0.565000 0.098750 0.038333 0.054167
1 0.155000 0.717500 0.045000 0.063333
1 0.360000 0.773333 0.061667 0.085000
1 0.542500 0.445833 0.035000 0.045000
1 0.949167 0.494167 0.038333 0.048333
1 0.866250 0.494583 0.034167 0.047500
1 0.398750 0.230417 0.054167 0.069167
1 0.705833 0.131250 0.040000 0.059167
1 0.822917 0.165417 0.052500 0.067500
1 0.286250 0.232500 0.047500 0.060000
1 0.056250 0.223750 0.044167 0.059167
1 0.619167 0.161667 0.045000 0.066667
1 0.176250 0.193750 0.042500 0.062500
1 0.933333 0.165000 0.060000 0.075000
