1 0.308750 0.087778 0.020833 0.033333
0 0.100417 0.126111 0.012500 0.021111
1 0.762500 0.092778 0.015000 0.023333
1 0.278750 0.071111 0.015833 0.026667
1 0.409583 0.145000 0.045833 0.074444
1 0.627500 0.201111 0.036667 0.064444
1 0.699583 0.527778 0.097500 0.164444
1 0.803750 0.161667 0.055833 0.096667
1 0.505000 0.321667 0.086667 0.136667
0 0.460833 0.185556 0.055000 0.100000
0 0.177917 0.413333 0.095833 0.142222
1 0.270000 0.612778 0.178333 0.290000
1 0.680417 0.261111 0.060833 0.102222
1 0.071250 0.598889 0.137500 0.211111
1 0.650000 0.809444 0.130000 0.223333
1 0.361250 0.228333 0.062500 0.116667
1 0.240000 0.181667 0.056667 0.103333
1 0.918750 0.296667 0.087500 0.140000
1 0.905417 0.675556 0.179167 0.262222
1 0.686667 0.068333 0.015000 0.030000
1 0.632917 0.087222 0.030833 0.041111
