0 0.315000 0.350165 0.023333 0.043908
0 0.547500 0.305708 0.018333 0.038419
1 0.541667 0.261800 0.018333 0.025247
1 0.867500 0.388035 0.026667 0.042810
1 0.858333 0.907794 0.051667 0.085620
1 0.209167 0.806257 0.038333 0.064764
1 0.886667 0.417673 0.026667 0.045005
1 0.279167 0.400659 0.036667 0.037322
1 0.529167 0.440176 0.023333 0.035126
1 0.047500 0.602086 0.030000 0.045005
1 0.322500 0.307355 0.020000 0.028540
1 0.152500 0.341932 0.021667 0.034029
1 0.985000 0.489572 0.026667 0.043908
1 0.773750 0.637761 0.025833 0.052689
1 0.759167 0.420417 0.028333 0.048299
1 0.826250 0.536773 0.035833 0.061471
1 0.891667 0.480241 0.028333 0.042810
1 0.595833 0.389682 0.026667 0.043908
1 0.399167 0.652580 0.035000 0.058178
1 0.519167 0.346872 0.020000 0.032931
0 0.516667 0.385291 0.023333 0.037322
1 0.849167 0.498353 0.028333 0.050494
1 0.250417 0.501098 0.027500 0.045005
1 0.018333 0.367179 0.025000 0.040615
1 0.725000 0.544457 0.030000 0.054885
1 0.696667 0.436883 0.023333 0.043908
1 0.093750 0.411087 0.022500 0.036224
1 0.671250 0.670143 0.032500 0.053787
1 0.337917 0.809550 0.039167 0.060373
1 0.494167 0.476948 0.026667 0.051592
0 0.140000 0.385840 0.021667 0.036224
1 0.309583 0.710757 0.032500 0.049396
1 0.939583 0.795829 0.042500 0.065862
1 0.213750 0.615807 0.032500 0.054885
1 0.727083 0.881449 0.057500 0.083425
1 0.060000 0.529638 0.030000 0.047201
1 0.034167 0.673985 0.040000 0.070252
1 0.060417 0.889682 0.050833 0.082327
1 0.516250 0.820527 0.057500 0.097695
1 0.952500 0.597146 0.043333 0.065862
1 0.497083 0.672338 0.035833 0.071350
1 0.919583 0.289243 0.019167 0.029638
1 0.957917 0.266191 0.020833 0.029638
1 0.975833 0.237651 0.015000 0.029638
1 0.842083 0.329308 0.020833 0.037322
1 0.587500 0.249726 0.020000 0.034029
1 0.607917 0.333699 0.024167 0.039517
