0 0.084722 0.488889 0.054630 0.077778
1 0.071759 0.061111 0.050926 0.068519
0 0.239815 0.062500 0.061111 0.084259
0 0.581019 0.075000 0.054630 0.081481
0 0.905556 0.271296 0.053704 0.074074
0 0.075463 0.694907 0.050926 0.071296
0 0.250463 0.277315 0.052778 0.067593
0 0.238889 0.501389 0.064815 0.093519
0 0.902315 0.699537 0.054630 0.071296
0 0.087963 0.299537 0.087037 0.117593
0 0.906481 0.061111 0.050000 0.072222
0 0.424537 0.488426 0.056481 0.069444
0 0.580093 0.485185 0.054630 0.072222
0 0.418981 0.690278 0.047222 0.069444
0 0.249537 0.919444 0.067593 0.088889
0 0.578241 0.285648 0.065741 0.091667
0 0.748148 0.918056 0.068519 0.100926
0 0.581019 0.911111 0.078704 0.120370
0 0.421759 0.281481 0.067593 0.092593
0 0.406019 0.074537 0.069444 0.089815
0 0.740278 0.502778 0.065741 0.081481
0 0.741667 0.065278 0.055556 0.078704
0 0.743056 0.702315 0.052778 0.075000
0 0.903241 0.493056 0.056481 0.071296
0 0.580556 0.703704 0.046296 0.062963
0 0.243981 0.684259 0.049074 0.068519
0 0.743056 0.283796 0.049074 0.067593
0 0.070370 0.905556 0.050000 0.074074
0 0.910648 0.913889 0.078704 0.101852
0 0.405556 0.915278 0.068519 0.095370
