1 0.378333 0.830833 0.095000 0.225000
1 0.375833 0.125000 0.090000 0.241667
1 0.485417 0.784167 0.050833 0.060000
0 0.595417 0.162500 0.034167 0.046667
0 0.588750 0.820000 0.049167 0.055000
1 0.468750 0.155000 0.047500 0.056667
1 0.196250 0.499583 0.110833 0.147500
1 0.247917 0.159167 0.049167 0.068333
0 0.241250 0.865833 0.049167 0.065000
0 0.918333 0.161250 0.045000 0.054167
1 0.510000 0.493750 0.048333 0.064167
1 0.844583 0.760000 0.052500 0.070000
1 0.726250 0.837083 0.122500 0.222500
1 0.404583 0.555833 0.142500 0.180000
1 0.739583 0.527500 0.147500 0.230000
0 0.839583 0.468750 0.052500 0.072500
1 0.733750 0.155417 0.134167 0.214167
1 0.065417 0.551250 0.129167 0.189167
1 0.071667 0.212500 0.141667 0.230000
1 0.069167 0.854583 0.136667 0.252500
