0 0.589167 0.555069 0.020000 0.031289
0 0.255833 0.494994 0.015000 0.031289
1 0.509167 0.461827 0.016667 0.030038
1 0.489583 0.300375 0.015833 0.027534
0 0.226250 0.425532 0.009167 0.017522
1 0.353333 0.441176 0.013333 0.028786
1 0.287083 0.375469 0.015833 0.030038
0 0.013333 0.587610 0.018333 0.028786
0 0.183750 0.511890 0.012500 0.025031
0 0.597083 0.409262 0.012500 0.017522
1 0.761250 0.561327 0.022500 0.043805
0 0.640417 0.389237 0.007500 0.012516
0 0.467500 0.440551 0.010000 0.015019
0 0.643750 0.478098 0.014167 0.025031
0 0.342500 0.414894 0.010000 0.016270
0 0.885833 0.382353 0.010000 0.018773
0 0.556667 0.504380 0.013333 0.020025
0 0.020000 0.326033 0.008333 0.016270
0 0.275833 0.464956 0.015000 0.028786
0 0.880417 0.437422 0.010833 0.016270
0 0.835000 0.546308 0.016667 0.026283
1 0.570417 0.152691 0.014167 0.025031
1 0.827500 0.312265 0.011667 0.023780
0 0.380417 0.420526 0.010833 0.020025
0 0.370833 0.394243 0.010000 0.020025
0 0.335833 0.357322 0.010000 0.018773
1 0.645000 0.510013 0.020000 0.036295
0 0.978333 0.311014 0.010000 0.016270
0 0.191250 0.448686 0.012500 0.023780
0 0.779167 0.511890 0.011667 0.022528
0 0.732500 0.429287 0.010000 0.017522
0 0.911667 0.491865 0.013333 0.025031
1 0.040417 0.346058 0.014167 0.023780
1 0.209583 0.293492 0.010833 0.018773
0 0.140417 0.621402 0.037500 0.083855
0 0.322083 0.470588 0.012500 0.027534
1 0.007917 0.311640 0.009167 0.017522
1 0.112500 0.327910 0.013333 0.020025
0 0.392500 0.438048 0.015000 0.030038
0 0.787917 0.546308 0.014167 0.023780
0 0.751667 0.299750 0.008333 0.016270
0 0.277917 0.290989 0.007500 0.013767
0 0.952917 0.555069 0.015833 0.031289
0 0.680833 0.529412 0.020000 0.030038
0 0.372083 0.297872 0.012500 0.022528
0 0.703333 0.306633 0.013333 0.025031
0 0.681250 0.497497 0.017500 0.033792
0 0.201250 0.426783 0.012500 0.022528
0 0.667500 0.405507 0.010000 0.017522
0 0.154583 0.491865 0.012500 0.027534
0 0.255000 0.360451 0.011667 0.020025
0 0.680417 0.454944 0.015833 0.026283
0 0.147083 0.529412 0.017500 0.030038
1 0.672500 0.287860 0.013333 0.025031
1 0.157917 0.384230 0.015833 0.030038
0 0.077500 0.325407 0.010000 0.017522
0 0.063750 0.359825 0.012500 0.021277
0 0.785417 0.446809 0.012500 0.020025
0 0.109167 0.360451 0.011667 0.022528
0 0.745417 0.466834 0.014167 0.025031
0 0.172500 0.471840 0.016667 0.030038
0 0.332917 0.510013 0.015833 0.028786
0 0.928333 0.417397 0.010000 0.018773
1 0.226250 0.357322 0.012500 0.021277
0 0.610417 0.474343 0.015833 0.030038
0 0.766250 0.474343 0.015833 0.032541
0 0.007500 0.693367 0.013333 0.057572
0 0.522500 0.512516 0.020000 0.036295
0 0.625833 0.546308 0.021667 0.041302
1 0.826667 0.918023 0.053333 0.098874
1 0.746250 0.762829 0.042500 0.073842
0 0.501667 0.607635 0.031667 0.071339
0 0.300833 0.486233 0.020000 0.033792
0 0.283750 0.517522 0.024167 0.038798
0 0.372083 0.458698 0.020833 0.043805
1 0.585833 0.658949 0.055000 0.103880
0 0.237083 0.511890 0.017500 0.035044
1 0.833750 0.730288 0.040833 0.076345
0 0.710000 0.529412 0.020000 0.037547
0 0.170417 0.530038 0.019167 0.036295
0 0.162917 0.598248 0.024167 0.052566
0 0.259167 0.624531 0.036667 0.065081
1 0.727083 0.580726 0.024167 0.050063
1 0.692500 0.607009 0.031667 0.042553
1 0.847917 0.306008 0.014167 0.023780
1 0.865000 0.305382 0.011667 0.025031
0 0.737917 0.327284 0.010833 0.023780
1 0.800417 0.395494 0.010833 0.022528
0 0.838750 0.424906 0.015833 0.023780
1 0.825417 0.466208 0.014167 0.036295
1 0.843333 0.464956 0.018333 0.031289
1 0.631667 0.153942 0.013333 0.025031
1 0.601667 0.162703 0.013333 0.020025
1 0.540833 0.140175 0.013333 0.025031
1 0.401667 0.312265 0.013333 0.028786
1 0.330833 0.386733 0.011667 0.025031
1 0.312083 0.386108 0.012500 0.023780
1 0.446250 0.254693 0.014167 0.023780
0 0.130833 0.298498 0.008333 0.013767
