1 0.889333 0.328526 0.084444 0.166667
1 0.383556 0.428686 0.052444 0.136218
1 0.318667 0.132212 0.027556 0.072115
1 0.733333 0.144231 0.023111 0.060897
1 0.788444 0.262821 0.053333 0.131410
1 0.698222 0.223558 0.034667 0.084936
0 0.926667 0.158654 0.031111 0.064103
0 0.561778 0.137821 0.023111 0.060897
1 0.599556 0.173077 0.043556 0.102564
1 0.483111 0.176282 0.041778 0.080128
1 0.420889 0.178686 0.029333 0.072115
1 0.518222 0.137821 0.032000 0.073718
0 0.976444 0.195513 0.045333 0.108974
1 0.644889 0.302885 0.047111 0.102564
1 0.394667 0.274038 0.046222 0.099359
0 0.597778 0.397436 0.057778 0.128205
1 0.131556 0.379808 0.062222 0.128205
0 0.338667 0.365385 0.051556 0.115385
0 0.246667 0.454327 0.066667 0.133013
0 0.484444 0.433494 0.092444 0.216346
1 0.050667 0.161058 0.042667 0.065705
