1 0.273333 0.699583 0.015000 0.022500
1 0.328750 0.717500 0.015833 0.025000
1 0.196667 0.721250 0.018333 0.022500
1 0.756250 0.142917 0.022500 0.027500
1 0.304583 0.707500 0.022500 0.025000
1 0.806250 0.517917 0.037500 0.039167
1 0.536667 0.730000 0.051667 0.071667
1 0.874167 0.658333 0.061667 0.085000
1 0.685833 0.183750 0.035000 0.047500
1 0.608333 0.223750 0.035000 0.040833
1 0.448750 0.355000 0.107500 0.178333
1 0.542917 0.645417 0.052500 0.064167
1 0.765833 0.186667 0.045000 0.051667
1 0.837083 0.156250 0.047500 0.057500
1 0.570417 0.168333 0.034167 0.045000
1 0.705833 0.247083 0.050000 0.059167
1 0.940417 0.632083 0.094167 0.127500
1 0.803333 0.682083 0.065000 0.077500
1 0.895417 0.126250 0.064167 0.074167
1 0.227083 0.244583 0.142500 0.187500
1 0.655000 0.690833 0.135000 0.170000
1 0.056667 0.210000 0.111667 0.178333
0 0.708750 0.131250 0.015833 0.017500
1 0.602500 0.153750 0.025000 0.029167
1 0.224167 0.699167 0.013333 0.020000
1 0.097500 0.716667 0.015000 0.018333
