1 0.947279 0.255833 0.052721 0.045000
1 0.867347 0.244167 0.030612 0.018333
0 0.424745 0.364583 0.043367 0.064167
1 0.614796 0.252500 0.037415 0.030000
1 0.355017 0.330417 0.043367 0.057500
1 0.810374 0.286667 0.039116 0.053333
1 0.525085 0.260417 0.041667 0.050833
1 0.722364 0.375417 0.051871 0.075833
0 0.096939 0.295417 0.051020 0.064167
1 0.687075 0.270000 0.042517 0.055000
0 0.072704 0.377500 0.070578 0.088333
0 0.380102 0.389167 0.059524 0.080000
0 0.469388 0.330833 0.051020 0.070000
0 0.247024 0.370000 0.068878 0.086667
