1 0.248333 0.715000 0.020000 0.027778
1 0.596250 0.670556 0.015833 0.021111
1 0.531667 0.687222 0.011667 0.021111
1 0.439583 0.683889 0.012500 0.021111
1 0.595000 0.612222 0.010000 0.015556
1 0.857083 0.687222 0.025833 0.034444
1 0.093750 0.718889 0.012500 0.020000
0 0.564583 0.618889 0.009167 0.015556
1 0.198750 0.726111 0.017500 0.034444
1 0.594583 0.744444 0.037500 0.046667
1 0.990417 0.848333 0.019167 0.163333
1 0.558333 0.683333 0.015000 0.026667
1 0.916250 0.703889 0.027500 0.047778
1 0.507917 0.712222 0.020833 0.028889
0 0.888333 0.697778 0.015000 0.031111
1 0.310417 0.702222 0.017500 0.028889
1 0.014167 0.785000 0.026667 0.056667
1 0.172917 0.713889 0.015833 0.023333
1 0.718750 0.678889 0.019167 0.031111
1 0.480000 0.698889 0.015000 0.024444
1 0.955833 0.683889 0.020000 0.032222
1 0.399167 0.703889 0.016667 0.027778
1 0.211667 0.790556 0.045000 0.081111
1 0.386250 0.738889 0.020833 0.040000
0 0.347500 0.702222 0.020000 0.033333
1 0.830417 0.729444 0.042500 0.072222
1 0.747500 0.853333 0.076667 0.124444
1 0.059583 0.753889 0.032500 0.052222
1 0.281667 0.755556 0.026667 0.037778
0 0.767083 0.678333 0.027500 0.045556
1 0.670417 0.726667 0.039167 0.073333
1 0.637500 0.697778 0.025000 0.035556
