0 0.920833 0.109167 0.040000 0.045000
1 0.932917 0.812500 0.042500 0.050000
1 0.725000 0.191667 0.121667 0.190000
1 0.820417 0.431667 0.030833 0.041667
1 0.977917 0.446667 0.042500 0.058333
1 0.246250 0.495833 0.075833 0.100000
0 0.585417 0.811667 0.050833 0.066667
1 0.836667 0.823750 0.065000 0.089167
0 0.560417 0.126250 0.059167 0.070833
1 0.722917 0.860417 0.115833 0.212500
0 0.255000 0.159167 0.073333 0.098333
1 0.727917 0.503333 0.127500 0.245000
1 0.238333 0.747500 0.065000 0.090000
1 0.050417 0.169583 0.099167 0.202500
1 0.555000 0.446250 0.080000 0.114167
1 0.392917 0.553750 0.120833 0.210833
1 0.407917 0.879583 0.159167 0.232500
1 0.069167 0.824167 0.136667 0.230000
1 0.053750 0.522083 0.105833 0.202500
1 0.380833 0.170000 0.096667 0.248333
