0 0.186728 0.549537 0.040123 0.036111
1 0.169239 0.487963 0.023663 0.029630
1 0.388374 0.587963 0.038066 0.044444
1 0.310700 0.575463 0.043210 0.041667
1 0.378601 0.669907 0.051440 0.062037
0 0.233025 0.530093 0.025720 0.032407
1 0.115226 0.931944 0.055556 0.039815
1 0.489198 0.804630 0.044239 0.044444
0 0.282922 0.666204 0.049383 0.039815
0 0.252058 0.493981 0.032922 0.032407
1 0.190329 0.714352 0.043210 0.049074
1 0.205761 0.478241 0.028807 0.032407
1 0.259774 0.552315 0.038066 0.045370
1 0.544239 0.790741 0.051440 0.051852
0 0.435700 0.533333 0.033951 0.035185
1 0.504630 0.603704 0.048354 0.051852
0 0.156379 0.586111 0.043210 0.046296
1 0.406379 0.806019 0.053498 0.060185
0 0.132202 0.844444 0.052469 0.057407
0 0.268519 0.863889 0.053498 0.051852
1 0.568416 0.620833 0.040123 0.058333
