1 0.317083 0.064928 0.020833 0.036626
1 0.556667 0.132630 0.023333 0.041065
1 0.974583 0.206992 0.027500 0.049945
1 0.740833 0.132075 0.020000 0.039956
0 0.568750 0.049390 0.024167 0.036626
1 0.823333 0.117092 0.025000 0.045505
1 0.217500 0.032186 0.031667 0.059933
1 0.447917 0.119312 0.057500 0.105438
1 0.672500 0.215316 0.060000 0.108768
1 0.731667 0.331853 0.118333 0.210877
1 0.540000 0.321865 0.080000 0.144284
1 0.449167 0.589345 0.151667 0.273030
1 0.359167 0.287458 0.120000 0.206437
1 0.168750 0.632075 0.245833 0.398446
1 0.485833 0.069367 0.018333 0.038846
