1 0.201001 0.583086 0.015013 0.029674
1 0.179733 0.591988 0.014178 0.029674
1 0.836947 0.661721 0.027523 0.047478
1 0.579650 0.787092 0.031693 0.072700
1 0.010842 0.612760 0.018349 0.041543
1 0.108841 0.587537 0.014178 0.035608
1 0.275646 0.587537 0.015847 0.035608
1 0.626355 0.588279 0.020017 0.045994
1 0.038365 0.723294 0.038365 0.078635
1 0.093828 0.566024 0.014178 0.034125
1 0.787740 0.614985 0.020851 0.040059
1 0.678065 0.678042 0.036697 0.086053
0 0.128857 0.600148 0.019183 0.037092
1 0.079650 0.658012 0.025855 0.051929
1 0.037114 0.820475 0.035863 0.103858
0 0.620517 0.950297 0.070058 0.096439
1 0.819433 0.789318 0.052544 0.121662
1 0.367389 0.687685 0.040867 0.096439
1 0.258132 0.868694 0.074229 0.179525
1 0.125938 0.859050 0.053378 0.115727
0 0.443286 0.741840 0.064220 0.136499
0 0.343203 0.839021 0.050876 0.123145
1 0.972894 0.706231 0.037531 0.080119
1 0.354045 0.592730 0.017515 0.031157
