1 0.362917 0.487083 0.065833 0.162500
1 0.149583 0.085833 0.027500 0.038333
1 0.396667 0.825417 0.080000 0.114167
1 0.047917 0.799583 0.094167 0.192500
1 0.390417 0.135000 0.119167 0.218333
1 0.607917 0.471250 0.079167 0.094167
1 0.710000 0.842500 0.090000 0.176667
1 0.702500 0.491667 0.106667 0.181667
0 0.240417 0.834583 0.090833 0.117500
1 0.235000 0.495000 0.055000 0.068333
1 0.042083 0.518750 0.082500 0.189167
1 0.594167 0.161667 0.086667 0.121667
0 0.935000 0.491667 0.075000 0.103333
1 0.611667 0.767500 0.106667 0.206667
1 0.947917 0.172083 0.104167 0.212500
1 0.756250 0.169167 0.077500 0.105000
1 0.882500 0.711667 0.071667 0.096667
1 0.065000 0.180000 0.128333 0.240000
