1 0.711250 0.470417 0.100833 0.219167
1 0.483750 0.515833 0.042500 0.060000
0 0.139583 0.782917 0.027500 0.034167
0 0.617500 0.764583 0.045000 0.067500
0 0.311250 0.796667 0.035833 0.048333
1 0.376667 0.153750 0.091667 0.212500
1 0.486667 0.387917 0.033333 0.044167
1 0.380833 0.787500 0.098333 0.225000
1 0.899167 0.096250 0.036667 0.049167
1 0.530000 0.774167 0.045000 0.061667
1 0.535000 0.431250 0.038333 0.047500
0 0.170000 0.790000 0.031667 0.041667
0 0.617083 0.456667 0.037500 0.048333
1 0.452917 0.760833 0.050833 0.065000
0 0.223750 0.143750 0.090833 0.120833
1 0.400417 0.537083 0.139167 0.237500
1 0.549167 0.157500 0.043333 0.055000
1 0.723750 0.825000 0.119167 0.215000
1 0.927917 0.493750 0.092500 0.115833
1 0.475000 0.130417 0.056667 0.064167
0 0.207917 0.412917 0.050833 0.065833
1 0.926667 0.796250 0.066667 0.089167
1 0.060417 0.802500 0.119167 0.253333
1 0.076250 0.521250 0.150833 0.234167
1 0.735417 0.186667 0.144167 0.223333
1 0.060417 0.153750 0.119167 0.215833
