1 0.347083 0.151852 0.097500 0.220741
1 0.053333 0.720000 0.068333 0.160000
1 0.928750 0.738519 0.087500 0.211852
1 0.227500 0.745926 0.090000 0.211852
1 0.778333 0.730370 0.095000 0.251852
1 0.936250 0.128889 0.062500 0.154074
1 0.641250 0.154815 0.087500 0.197037
1 0.493333 0.183704 0.100000 0.234074
1 0.780417 0.148148 0.100833 0.219259
1 0.071250 0.151852 0.074167 0.140741
1 0.356667 0.694815 0.078333 0.165926
1 0.491667 0.719259 0.081667 0.173333
1 0.632083 0.703704 0.084167 0.186667
1 0.215417 0.165185 0.077500 0.191111
