1 0.299416 0.479375 0.063386 0.098750
1 0.420350 0.387500 0.033361 0.062500
0 0.256464 0.403125 0.037531 0.068750
1 0.316931 0.363750 0.046706 0.092500
1 0.090909 0.457500 0.046706 0.077500
0 0.526272 0.495000 0.073394 0.127500
1 0.711426 0.770000 0.101751 0.202500
1 0.891993 0.367500 0.032527 0.075000
1 0.464554 0.359375 0.033361 0.068750
1 0.067556 0.367500 0.038365 0.060000
1 0.856964 0.405000 0.039199 0.075000
1 0.825688 0.573125 0.090075 0.171250
0 0.756881 0.382500 0.067556 0.130000
1 0.137615 0.646875 0.115096 0.248750
1 0.287740 0.816250 0.183486 0.357500
1 0.908674 0.831875 0.182652 0.336250
