0 0.274167 0.591667 0.015000 0.025556
1 0.059583 0.633889 0.019167 0.030000
1 0.017500 0.638333 0.025000 0.041111
1 0.498333 0.577222 0.020000 0.038889
1 0.145000 0.606667 0.016667 0.033333
1 0.556667 0.600556 0.025000 0.038889
1 0.393333 0.832778 0.085000 0.147778
1 0.202500 0.607778 0.021667 0.040000
1 0.647083 0.601667 0.024167 0.036667
1 0.434167 0.632222 0.036667 0.071111
1 0.585000 0.555000 0.020000 0.032222
1 0.120000 0.601667 0.035000 0.047778
1 0.281667 0.664444 0.028333 0.042222
1 0.851667 0.573333 0.016667 0.026667
1 0.816667 0.595556 0.018333 0.031111
1 0.371250 0.620000 0.017500 0.031111
1 0.307083 0.623333 0.017500 0.031111
