1 0.662222 0.440417 0.042222 0.049167
1 0.300000 0.427083 0.060000 0.062500
0 0.813889 0.817917 0.021111 0.022500
0 0.341667 0.840417 0.034444 0.042500
1 0.450556 0.810417 0.045556 0.045833
1 0.203889 0.782500 0.081111 0.121667
0 0.306111 0.864583 0.034444 0.027500
0 0.710000 0.433750 0.064444 0.060833
0 0.773333 0.797083 0.035556 0.034167
1 0.320556 0.158750 0.041111 0.039167
1 0.886667 0.809167 0.048889 0.051667
0 0.563889 0.123750 0.052222 0.050833
0 0.511667 0.813333 0.070000 0.065000
1 0.815556 0.147083 0.068889 0.062500
