1 0.014167 0.606667 0.026667 0.042222
1 0.227917 0.622778 0.017500 0.027778
1 0.270417 0.583333 0.014167 0.022222
1 0.589583 0.666667 0.024167 0.040000
1 0.618750 0.610000 0.014167 0.024444
1 0.425000 0.665000 0.025000 0.038889
1 0.353750 0.646111 0.024167 0.043333
1 0.696667 0.575000 0.020000 0.027778
1 0.065833 0.699444 0.025000 0.032222
1 0.775417 0.602222 0.017500 0.026667
1 0.167500 0.670000 0.026667 0.044444
0 0.719583 0.659444 0.027500 0.043333
0 0.687500 0.611667 0.023333 0.038889
1 0.718750 0.742778 0.039167 0.072222
1 0.837500 0.574444 0.011667 0.020000
1 0.445833 0.606667 0.018333 0.031111
1 0.197917 0.576667 0.010833 0.013333
1 0.062083 0.647778 0.029167 0.040000
1 0.615000 0.513333 0.008333 0.015556
1 0.487500 0.553333 0.008333 0.017778
