1 0.870000 0.624332 0.023333 0.050802
1 0.840000 0.409759 0.025000 0.057487
1 0.626667 0.157086 0.043333 0.094920
0 0.622917 0.420455 0.045833 0.100267
1 0.362917 0.860294 0.039167 0.089572
1 0.920000 0.364973 0.051667 0.096257
0 0.146667 0.119652 0.036667 0.081551
1 0.658750 0.610963 0.045833 0.090909
0 0.629583 0.856283 0.042500 0.084225
1 0.390833 0.616310 0.036667 0.085561
0 0.371250 0.372326 0.040833 0.097594
1 0.882500 0.139037 0.048333 0.106952
0 0.116667 0.384358 0.035000 0.081551
0 0.100000 0.811497 0.046667 0.104278
0 0.151250 0.599599 0.050833 0.132353
0 0.408333 0.147059 0.065000 0.160428
0 0.866250 0.824198 0.052500 0.118984
