0 0.798340 0.426758 0.040039 0.054688
0 0.227051 0.771973 0.053711 0.065430
0 0.227051 0.375977 0.036133 0.044922
0 0.176270 0.437012 0.047852 0.059570
0 0.907715 0.083008 0.053711 0.080078
0 0.117676 0.801270 0.049805 0.067383
0 0.573730 0.124512 0.057617 0.063477
1 0.448730 0.629395 0.053711 0.073242
0 0.124512 0.187012 0.059570 0.071289
0 0.113770 0.117676 0.053711 0.059570
0 0.492676 0.223633 0.055664 0.078125
0 0.893555 0.400879 0.042969 0.053711
0 0.127930 0.424805 0.044922 0.050781
0 0.431641 0.131836 0.056641 0.066406
0 0.244629 0.115723 0.045898 0.055664
