1 0.350556 0.166667 0.030000 0.031667
1 0.321667 0.359583 0.052222 0.060833
0 0.933333 0.165833 0.026667 0.025000
1 0.683333 0.346250 0.042222 0.042500
1 0.639444 0.160833 0.023333 0.023333
1 0.803889 0.421250 0.052222 0.057500
0 0.102222 0.166250 0.024444 0.022500
1 0.503333 0.869583 0.142222 0.142500
1 0.271111 0.155000 0.028889 0.020000
1 0.497222 0.147083 0.034444 0.024167
1 0.287778 0.477500 0.060000 0.061667
1 0.020000 0.150417 0.022222 0.020833
1 0.620000 0.662083 0.091111 0.092500
1 0.072222 0.162917 0.022222 0.024167
1 0.043333 0.156250 0.022222 0.022500
1 0.378889 0.159583 0.026667 0.029167
1 0.128889 0.470417 0.051111 0.065833
0 0.132778 0.149583 0.023333 0.022500
1 0.840556 0.175833 0.025556 0.025000
1 0.665000 0.517083 0.072222 0.082500
1 0.593889 0.311667 0.027778 0.036667
1 0.858889 0.291250 0.031111 0.025833
1 0.870556 0.369167 0.047778 0.053333
1 0.717222 0.561667 0.078889 0.086667
1 0.683333 0.202500 0.026667 0.025000
1 0.764444 0.426667 0.057778 0.068333
1 0.621667 0.389583 0.061111 0.055833
1 0.095000 0.216250 0.030000 0.029167
1 0.460000 0.179583 0.026667 0.027500
1 0.455000 0.140417 0.027778 0.024167
1 0.282222 0.210000 0.031111 0.030000
1 0.178889 0.332500 0.044444 0.038333
0 0.925556 0.210000 0.033333 0.030000
0 0.212222 0.140833 0.024444 0.025000
0 0.184444 0.388333 0.048889 0.041667
0 0.980000 0.199167 0.031111 0.026667
1 0.760000 0.341250 0.055556 0.054167
0 0.753333 0.173750 0.031111 0.027500
1 0.933889 0.326250 0.038889 0.039167
1 0.027778 0.258750 0.035556 0.035833
0 0.569444 0.183750 0.030000 0.037500
1 0.194444 0.178333 0.028889 0.025000
0 0.838889 0.850833 0.208889 0.258333
1 0.560556 0.510833 0.072222 0.080000
1 0.016667 0.607917 0.031111 0.082500
1 0.082222 0.370417 0.055556 0.052500
0 0.797778 0.706250 0.126667 0.132500
1 0.045556 0.498333 0.086667 0.095000
1 0.516667 0.436667 0.066667 0.048333
1 0.412222 0.509583 0.082222 0.097500
1 0.720556 0.152500 0.023333 0.031667
1 0.703889 0.285000 0.043333 0.035000
