0 0.232917 0.353125 0.010833 0.016250
1 0.596667 0.377500 0.020000 0.035000
0 0.127500 0.352500 0.013333 0.022500
0 0.147500 0.403750 0.018333 0.030000
1 0.983750 0.578125 0.032500 0.086250
1 0.940417 0.377500 0.015833 0.030000
0 0.465000 0.437500 0.030000 0.060000
1 0.605833 0.451250 0.030000 0.062500
1 0.877083 0.421875 0.027500 0.053750
0 0.320000 0.455000 0.036667 0.077500
0 0.371667 0.434375 0.031667 0.066250
0 0.072500 0.474375 0.031667 0.061250
1 0.831250 0.487500 0.042500 0.085000
1 0.512500 0.453750 0.050000 0.095000
1 0.679167 0.527500 0.050000 0.090000
1 0.022500 0.438750 0.026667 0.057500
1 0.829583 0.338750 0.009167 0.020000
1 0.966250 0.447500 0.039167 0.072500
