1 0.214583 0.585000 0.022500 0.032222
1 0.638750 0.580556 0.039167 0.063333
1 0.325417 0.582778 0.020833 0.034444
1 0.390833 0.577222 0.038333 0.052222
1 0.077083 0.652222 0.052500 0.093333
1 0.928333 0.611667 0.043333 0.067778
0 0.165833 0.574444 0.030000 0.057778
0 0.267917 0.572222 0.030833 0.051111
1 0.473333 0.579444 0.038333 0.070000
1 0.352083 0.569444 0.024167 0.047778
1 0.788750 0.593889 0.020833 0.032222
1 0.551250 0.543889 0.020833 0.043333
1 0.303333 0.590000 0.015000 0.024444
1 0.233750 0.585000 0.014167 0.027778
