1 0.137917 0.662083 0.014167 0.014167
1 0.102917 0.667500 0.012500 0.023333
1 0.322500 0.632500 0.011667 0.013333
1 0.081667 0.688333 0.025000 0.030000
1 0.745833 0.157500 0.030000 0.055000
1 0.711667 0.438750 0.015000 0.015833
1 0.616667 0.404167 0.015000 0.020000
0 0.389583 0.630833 0.012500 0.015000
1 0.620833 0.135000 0.030000 0.056667
1 0.078333 0.193333 0.020000 0.023333
0 0.794583 0.427500 0.017500 0.020000
1 0.920000 0.255000 0.026667 0.033333
1 0.848750 0.405417 0.025833 0.032500
1 0.600000 0.765417 0.048333 0.084167
1 0.853750 0.750417 0.057500 0.074167
1 0.717500 0.459583 0.015000 0.020833
1 0.619583 0.462083 0.017500 0.022500
1 0.660833 0.170417 0.010000 0.012500
1 0.132083 0.200833 0.014167 0.018333
1 0.182917 0.204167 0.012500 0.013333
1 0.453750 0.635417 0.012500 0.017500
1 0.216667 0.657083 0.010000 0.012500
1 0.183750 0.664583 0.009167 0.014167
