1 0.499583 0.383333 0.012500 0.033333
1 0.499167 0.465741 0.018333 0.050000
1 0.407500 0.385185 0.015000 0.048148
1 0.295417 0.375000 0.019167 0.053704
1 0.522500 0.562963 0.028333 0.066667
1 0.121250 0.368519 0.020833 0.059259
1 0.295833 0.508333 0.028333 0.090741
1 0.867917 0.558333 0.025833 0.079630
1 0.833333 0.463889 0.021667 0.057407
1 0.782083 0.375926 0.010833 0.029630
1 0.526667 0.368519 0.011667 0.033333
1 0.575000 0.368519 0.008333 0.025926
1 0.599167 0.439815 0.013333 0.046296
1 0.850417 0.365741 0.010833 0.031481
1 0.839167 0.383333 0.013333 0.037037
1 0.974167 0.392593 0.013333 0.040741
1 0.947083 0.367593 0.012500 0.027778
