1 0.392083 0.408889 0.010833 0.023704
1 0.280000 0.405926 0.010000 0.026667
1 0.560833 0.405185 0.013333 0.031111
1 0.350417 0.409630 0.014167 0.034074
1 0.701250 0.394074 0.019167 0.044444
1 0.875000 0.397037 0.016667 0.035556
1 0.037500 0.395556 0.018333 0.038519
1 0.462500 0.401481 0.020000 0.044444
1 0.800000 0.369630 0.025000 0.060741
1 0.589583 0.380741 0.015833 0.038519
1 0.727917 0.403704 0.015833 0.037037
1 0.141667 0.377778 0.016667 0.041481
1 0.117917 0.377037 0.014167 0.034074
1 0.928750 0.371852 0.022500 0.050370
1 0.225833 0.397778 0.015000 0.031111
1 0.322083 0.397778 0.017500 0.040000
1 0.497917 0.416296 0.014167 0.026667
1 0.445000 0.394815 0.015000 0.040000
1 0.422500 0.414815 0.015000 0.029630
1 0.182500 0.400741 0.013333 0.025185
