0 0.829082 0.656906 0.045918 0.039336
1 0.268495 0.439248 0.047194 0.044580
0 0.626276 0.666084 0.051020 0.043706
0 0.170281 0.659965 0.044643 0.038462
0 0.440689 0.268794 0.049745 0.046329
1 0.737883 0.435752 0.049745 0.046329
0 0.599490 0.270542 0.053571 0.048077
1 0.470663 0.370629 0.045918 0.041958
1 0.756378 0.335664 0.045918 0.043706
1 0.593112 0.460227 0.063776 0.060315
0 0.521684 0.270542 0.056122 0.048077
1 0.503827 0.427448 0.051020 0.047203
0 0.703444 0.220717 0.105867 0.093531
1 0.222577 0.465035 0.072704 0.066434
0 0.290816 0.212413 0.112245 0.096154
1 0.876276 0.443619 0.066327 0.060315
0 0.896046 0.656031 0.034439 0.046329
0 0.565689 0.660839 0.034439 0.045455
0 0.238520 0.658217 0.040816 0.050699
