0 0.700684 0.365103 0.030273 0.058651
0 0.559570 0.434018 0.033203 0.067449
0 0.759766 0.328446 0.029297 0.058651
0 0.353027 0.366569 0.028320 0.049853
0 0.782227 0.444282 0.037109 0.064516
0 0.791016 0.357038 0.027344 0.054252
0 0.433105 0.368035 0.028320 0.058651
0 0.653809 0.329179 0.028320 0.054252
0 0.562988 0.324780 0.026367 0.054252
0 0.444336 0.456745 0.033203 0.068915
0 0.331055 0.478006 0.031250 0.067449
0 0.212891 0.479472 0.041016 0.076246
0 0.502441 0.363636 0.028320 0.052786
0 0.291504 0.387097 0.030273 0.061584
0 0.218750 0.326979 0.031250 0.058651
0 0.115234 0.337243 0.031250 0.064516
0 0.606934 0.345308 0.030273 0.060117
0 0.858887 0.309384 0.034180 0.070381
0 0.665527 0.477273 0.034180 0.068915
