0 0.372559 0.350601 0.028320 0.064565
0 0.529785 0.669670 0.030273 0.066066
0 0.317383 0.377628 0.027344 0.058559
0 0.450684 0.296547 0.022461 0.046547
0 0.515137 0.490240 0.034180 0.073574
0 0.558105 0.377628 0.032227 0.064565
0 0.263672 0.367868 0.031250 0.060060
0 0.432129 0.400901 0.030273 0.063063
0 0.589844 0.476727 0.029297 0.061562
0 0.515137 0.383634 0.028320 0.058559
0 0.593262 0.358859 0.034180 0.072072
0 0.208008 0.314565 0.041016 0.079580
0 0.329102 0.500751 0.033203 0.070571
0 0.726562 0.310060 0.042969 0.067568
0 0.417480 0.493994 0.036133 0.075075
0 0.659668 0.383634 0.034180 0.073574
0 0.150879 0.338589 0.040039 0.085586
0 0.838867 0.268018 0.048828 0.091592
0 0.689941 0.453453 0.024414 0.033033
0 0.485352 0.344595 0.035156 0.058559
0 0.251465 0.309309 0.034180 0.057057
