0 0.322500 0.284444 0.018333 0.028889
0 0.771250 0.322222 0.022500 0.037778
1 0.605417 0.285556 0.015833 0.033333
1 0.259167 0.310000 0.015000 0.026667
0 0.930417 0.341111 0.029167 0.051111
1 0.957500 0.315000 0.016667 0.023333
1 0.365417 0.315000 0.025833 0.047778
1 0.544583 0.368333 0.032500 0.058889
1 0.817083 0.321667 0.017500 0.034444
1 0.632083 0.344444 0.020833 0.042222
1 0.463333 0.324444 0.020000 0.031111
1 0.555833 0.313889 0.015000 0.023333
1 0.218333 0.326667 0.020000 0.037778
1 0.134167 0.300000 0.020000 0.033333
0 0.119583 0.376667 0.025833 0.071111
0 0.068750 0.307778 0.015833 0.024444
