1 0.780833 0.146667 0.025000 0.031667
0 0.250000 0.895000 0.031667 0.038333
0 0.499167 0.877917 0.025000 0.032500
0 0.302500 0.881250 0.030000 0.037500
0 0.571667 0.888750 0.030000 0.040833
1 0.276250 0.095000 0.085833 0.115000
1 0.617500 0.654583 0.025000 0.035833
0 0.154583 0.888333 0.030833 0.033333
1 0.363333 0.887083 0.028333 0.037500
1 0.587083 0.106667 0.037500 0.048333
1 0.077500 0.870417 0.040000 0.045833
1 0.702917 0.622500 0.057500 0.075000
1 0.325833 0.612917 0.075000 0.114167
1 0.772500 0.887083 0.031667 0.042500
1 0.647500 0.860833 0.026667 0.035000
1 0.717083 0.895417 0.027500 0.039167
1 0.128333 0.641667 0.031667 0.036667
1 0.189583 0.652083 0.022500 0.032500
1 0.945000 0.655417 0.101667 0.140833
1 0.428750 0.878750 0.027500 0.035833
1 0.391667 0.647500 0.065000 0.085000
1 0.467083 0.165417 0.032500 0.040833
1 0.685000 0.167083 0.065000 0.087500
1 0.849167 0.633333 0.070000 0.095000
1 0.543750 0.617083 0.069167 0.097500
1 0.617083 0.111667 0.034167 0.050000
