0 0.792500 0.285788 0.028333 0.046680
0 0.790000 0.426349 0.030000 0.041494
0 0.748750 0.497407 0.037500 0.069502
0 0.710000 0.430498 0.030000 0.045643
0 0.726667 0.286307 0.023333 0.043568
0 0.645417 0.301867 0.029167 0.041494
0 0.590833 0.237552 0.026667 0.037344
0 0.562917 0.295643 0.022500 0.037344
0 0.547500 0.239108 0.020000 0.040456
0 0.495833 0.291494 0.026667 0.043568
0 0.322083 0.259855 0.024167 0.032158
0 0.262083 0.298237 0.022500 0.038382
0 0.425833 0.287863 0.025000 0.044606
0 0.369583 0.359959 0.024167 0.033195
0 0.389167 0.402490 0.031667 0.047718
0 0.317500 0.354772 0.026667 0.039419
0 0.197917 0.514523 0.030833 0.053942
0 0.240000 0.431017 0.031667 0.046680
0 0.295000 0.413382 0.028333 0.042531
0 0.375417 0.482365 0.037500 0.056017
0 0.278750 0.608921 0.037500 0.060166
0 0.490000 0.599585 0.036667 0.062241
0 0.534167 0.413900 0.028333 0.039419
0 0.610000 0.419606 0.028333 0.048755
0 0.653750 0.616701 0.034167 0.061203
0 0.573333 0.508299 0.031667 0.056017
