0 0.077281 0.355611 0.026071 0.051155
0 0.123371 0.349010 0.025140 0.054455
0 0.148976 0.330033 0.022346 0.056106
0 0.175047 0.354785 0.024209 0.059406
0 0.188547 0.295380 0.021415 0.046205
0 0.201117 0.330858 0.022346 0.051155
0 0.223929 0.377063 0.027002 0.047855
0 0.258845 0.364686 0.026071 0.049505
0 0.257914 0.318482 0.020484 0.042904
0 0.289572 0.323432 0.024209 0.052805
0 0.311453 0.379538 0.023277 0.056106
0 0.334730 0.271452 0.023277 0.054455
0 0.343110 0.338284 0.023277 0.049505
0 0.370577 0.349835 0.024209 0.056106
0 0.420391 0.344059 0.023277 0.051155
0 0.414339 0.294554 0.022346 0.047855
0 0.459497 0.311881 0.027002 0.056106
0 0.507914 0.328383 0.027002 0.059406
0 0.524674 0.263201 0.028864 0.061056
0 0.569832 0.287954 0.027933 0.067657
0 0.617784 0.251650 0.023277 0.057756
0 0.658752 0.303630 0.027002 0.069307
0 0.679236 0.326733 0.017691 0.046205
0 0.871974 0.410891 0.032588 0.062706
0 0.929702 0.388614 0.030726 0.064356
0 0.824953 0.340759 0.027933 0.061056
0 0.790037 0.285479 0.027002 0.059406
0 0.759777 0.289604 0.020484 0.051155
0 0.699721 0.294554 0.023277 0.057756
0 0.740223 0.320132 0.027933 0.062706
