1 0.819167 0.308096 0.025000 0.055472
1 0.708750 0.247376 0.022500 0.050975
1 0.348750 0.460270 0.022500 0.053973
1 0.275000 0.511244 0.025000 0.059970
0 0.762083 0.465517 0.032500 0.073463
1 0.765417 0.254873 0.022500 0.050975
1 0.535417 0.248876 0.022500 0.056972
1 0.226250 0.204648 0.020833 0.052474
1 0.827500 0.218891 0.026667 0.056972
1 0.782917 0.300600 0.022500 0.052474
1 0.615417 0.200150 0.022500 0.052474
1 0.673750 0.537481 0.024167 0.055472
1 0.346250 0.264618 0.020833 0.049475
1 0.410000 0.263118 0.023333 0.049475
1 0.674167 0.257871 0.023333 0.056972
1 0.093750 0.456522 0.030833 0.070465
1 0.470417 0.641679 0.030833 0.068966
1 0.481250 0.470015 0.022500 0.052474
1 0.166667 0.192654 0.023333 0.052474
1 0.282083 0.226387 0.022500 0.053973
1 0.466667 0.255622 0.021667 0.052474
1 0.919583 0.455772 0.034167 0.065967
0 0.197083 0.410045 0.027500 0.052474
1 0.569167 0.527736 0.035000 0.047976
