0 0.302489 0.652237 0.044372 0.066378
0 0.442641 0.639971 0.038961 0.056277
0 0.109307 0.322511 0.043290 0.073593
0 0.212662 0.380231 0.033550 0.050505
0 0.252165 0.430014 0.038961 0.060606
0 0.325758 0.370851 0.034632 0.054834
0 0.387987 0.385281 0.035714 0.063492
0 0.455628 0.365079 0.034632 0.049062
0 0.571429 0.393218 0.032468 0.041847
0 0.617965 0.354257 0.028139 0.050505
0 0.654762 0.410534 0.030303 0.047619
0 0.748918 0.447330 0.028139 0.049062
0 0.788961 0.398990 0.034632 0.047619
0 0.886905 0.454545 0.037879 0.060606
0 0.935606 0.420635 0.042208 0.059163
