1 0.126923 0.272819 0.023077 0.062880
0 0.898558 0.249493 0.047115 0.129817
1 0.218269 0.313387 0.025000 0.058824
1 0.984135 0.304260 0.029808 0.101420
1 0.757692 0.304260 0.028846 0.089249
1 0.154327 0.299189 0.031731 0.083164
1 0.363942 0.316430 0.037500 0.105477
1 0.833654 0.248479 0.028846 0.079108
1 0.666827 0.213996 0.050962 0.148073
1 0.042308 0.279919 0.046154 0.133874
1 0.791827 0.289047 0.033654 0.095335
1 0.585577 0.238337 0.050000 0.139959
1 0.300481 0.269777 0.050962 0.146045
1 0.629808 0.227181 0.030769 0.113590
1 0.183654 0.300203 0.021154 0.068966
