1 0.831543 0.375651 0.034180 0.061198
1 0.791992 0.321615 0.019531 0.036458
1 0.763184 0.317057 0.018555 0.032552
0 0.712891 0.328776 0.025391 0.045573
1 0.591797 0.296875 0.021484 0.039062
0 0.541504 0.312500 0.028320 0.046875
1 0.725586 0.386068 0.025391 0.048177
1 0.615723 0.361979 0.030273 0.057292
1 0.560547 0.358073 0.035156 0.059896
1 0.129883 0.280599 0.021484 0.035156
1 0.883301 0.404948 0.043945 0.078125
1 0.360840 0.248698 0.049805 0.093750
1 0.225586 0.317708 0.060547 0.111979
1 0.456055 0.339844 0.048828 0.093750
1 0.756836 0.401693 0.037109 0.069010
1 0.606445 0.493490 0.033203 0.075521
0 0.906250 0.330729 0.019531 0.028646
1 0.030762 0.283203 0.059570 0.144531
0 0.072754 0.244141 0.041992 0.074219
