0 0.352051 0.112630 0.024414 0.040365
0 0.865723 0.475260 0.059570 0.119792
0 0.582520 0.134115 0.026367 0.044271
0 0.629883 0.323568 0.060547 0.113281
0 0.536133 0.125651 0.023438 0.040365
0 0.626465 0.134115 0.022461 0.039062
0 0.489258 0.121094 0.021484 0.039062
0 0.121094 0.419922 0.060547 0.113281
0 0.794922 0.492188 0.050781 0.085938
0 0.513184 0.422526 0.038086 0.066406
0 0.373047 0.421224 0.039062 0.071615
0 0.919922 0.565104 0.085938 0.151042
0 0.341797 0.298828 0.064453 0.121094
0 0.608887 0.432292 0.040039 0.078125
1 0.435547 0.419922 0.037109 0.066406
0 0.292480 0.461589 0.059570 0.108073
0 0.490723 0.223307 0.045898 0.084635
0 0.716797 0.438802 0.042969 0.080729
1 0.685059 0.533203 0.053711 0.097656
0 0.446777 0.117188 0.016602 0.033854
0 0.398438 0.121745 0.013672 0.027344
0 0.056641 0.876302 0.085938 0.130208
