1 0.691250 0.385417 0.025833 0.056548
1 0.813750 0.476935 0.032500 0.075893
1 0.780417 0.389137 0.017500 0.043155
1 0.397083 0.384673 0.022500 0.055060
1 0.591667 0.359375 0.021667 0.046131
1 0.326250 0.404762 0.020833 0.050595
1 0.370833 0.390625 0.020000 0.049107
1 0.488750 0.392113 0.017500 0.043155
1 0.720417 0.325149 0.020833 0.052083
1 0.704583 0.439732 0.025833 0.058036
1 0.113333 0.456845 0.030000 0.068452
1 0.553750 0.415179 0.027500 0.065476
1 0.289167 0.458333 0.030000 0.071429
1 0.239583 0.550595 0.042500 0.095238
1 0.442500 0.508929 0.043333 0.089286
1 0.981667 0.438244 0.036667 0.096726
1 0.880833 0.358631 0.030000 0.071429
1 0.765000 0.496280 0.040000 0.096726
