0 0.645833 0.595000 0.030000 0.052500
1 0.892917 0.623750 0.030833 0.062500
1 0.515417 0.609375 0.027500 0.053750
0 0.270000 0.496250 0.026667 0.055000
1 0.457917 0.510000 0.022500 0.045000
0 0.767500 0.619375 0.026667 0.051250
1 0.547500 0.511875 0.025000 0.051250
1 0.388750 0.602500 0.029167 0.057500
1 0.141667 0.591875 0.035000 0.066250
1 0.264583 0.600000 0.027500 0.052500
1 0.630417 0.521250 0.024167 0.047500
1 0.176667 0.471875 0.026667 0.053750
1 0.367500 0.484375 0.025000 0.053750
1 0.718333 0.499375 0.030000 0.058750
1 0.842917 0.479375 0.030833 0.053750
