0 0.268229 0.598611 0.032292 0.061111
1 0.481771 0.513889 0.028125 0.050000
0 0.773438 0.483333 0.053125 0.075000
1 0.375521 0.517361 0.032292 0.045833
0 0.320312 0.686806 0.046875 0.079167
0 0.605729 0.538194 0.038542 0.059722
0 0.288542 0.525000 0.039583 0.061111
0 0.391667 0.663194 0.045833 0.081944
1 0.543229 0.493056 0.030208 0.050000
1 0.335417 0.579861 0.041667 0.068056
0 0.613021 0.636111 0.053125 0.080556
0 0.453646 0.549306 0.038542 0.070833
0 0.554167 0.734722 0.050000 0.088889
1 0.520312 0.545139 0.036458 0.065278
0 0.203646 0.719444 0.071875 0.116667
0 0.450521 0.715278 0.055208 0.100000
0 0.874479 0.718056 0.055208 0.094444
0 0.686458 0.629861 0.052083 0.079167
0 0.240625 0.650694 0.050000 0.087500
