0 0.788333 0.345818 0.021667 0.047441
0 0.251667 0.467541 0.036667 0.066167
0 0.449167 0.368290 0.026667 0.052434
0 0.905000 0.400749 0.040000 0.069913
0 0.141667 0.437578 0.041667 0.088639
0 0.365000 0.405119 0.030000 0.056180
0 0.630000 0.485643 0.035000 0.069913
0 0.317500 0.441948 0.025000 0.049938
0 0.581250 0.375156 0.032500 0.061174
0 0.241667 0.351436 0.023333 0.046192
0 0.521250 0.394507 0.025833 0.052434
0 0.755417 0.405119 0.030833 0.061174
0 0.713333 0.405119 0.035000 0.066167
0 0.096250 0.405119 0.037500 0.073658
0 0.837917 0.411361 0.035833 0.066167
0 0.649167 0.403246 0.028333 0.054931
0 0.454167 0.646692 0.035000 0.072409
0 0.186667 0.395755 0.033333 0.062422
0 0.365000 0.576155 0.035000 0.068664
0 0.562083 0.573658 0.037500 0.071161
0 0.610417 0.375156 0.025833 0.051186
0 0.552083 0.380150 0.022500 0.043695
0 0.485417 0.385768 0.030833 0.059925
0 0.417500 0.351436 0.023333 0.041199
0 0.317083 0.380774 0.025833 0.042447
0 0.385833 0.378277 0.025000 0.052434
0 0.286667 0.450687 0.030000 0.062422
